1500
1497
1494
1491
1488
1485
1482
1479
1476
1473
1470
1467
1464
1461
1458
1455
1452
1449
1446
1443
1440
1437
1434
1431
1428
1425
1422
1419
1416
1413
1410
1407
1404
1401
1398
1395
1392
1389
1386
1383
1380
1377
1374
1371
1368
1365
1362
1359
1356
1353
1350
1347
1344
1341
1338
1335
1332
1329
1326
1323
1320
1317
1314
1311
1308
1305
1302
1299
1296
1293
1290
1287
1284
1281
1278
1275
1272
1269
1266
1263
1260
1257
1254
1251
1248
1245
1242
1239
1236
1233
1230
1227
1224
1221
1218
1215
1212
1209
1206
1203
1200
1197
1194
1191
1188
1185
1182
1179
1176
1173
1170
1167
1164
1161
1158
1155
1152
1149
1146
1143
1140
1137
1134
1131
1128
1125
1122
1119
1116
1113
1110
1107
1104
1101
1098
1095
1092
1089
1086
1083
1080
1077
1074
1071
1068
1065
1062
1059
1056
1053
1050
1047
1044
1041
1038
1035
1032
1029
1026
1023
1020
1017
1014
1011
1008
1005
1002
999
996
993
990
987
984
981
978
975
972
969
966
963
960
957
954
951
948
945
942
939
936
933
930
927
924
921
918
915
912
909
906
903
900
897
894
891
888
885
882
879
876
873
870
867
864
861
858
855
852
849
846
843
840
837
834
831
828
825
822
819
816
813
810
807
804
801
798
795
792
789
786
783
780
777
774
771
768
765
762
759
756
753
750
747
744
741
738
735
732
729
726
723
720
717
714
711
708
705
702
699
696
693
690
687
684
681
678
675
672
669
666
663
660
657
654
651
648
645
642
639
636
633
630
627
624
621
618
615
612
609
606
603
600
597
594
591
588
585
582
579
576
573
570
567
564
561
558
555
552
549
546
543
540
537
534
531
528
525
522
519
516
513
510
507
504
501
498
495
492
489
486
483
480
477
474
471
468
465
462
459
456
453
450
447
444
441
438
435
432
429
426
423
420
417
414
411
408
405
402
399
396
393
390
387
384
381
378
375
372
369
366
363
360
357
354
351
348
345
342
339
336
333
330
327
324
321
318
315
312
309
306
303
300
297
294
291
288
285
282
279
276
273
270
267
264
261
258
255
252
249
246
243
240
237
234
231
228
225
222
219
216
213
210
207
204
201
198
195
192
189
186
183
180
177
174
171
168
165
162
159
156
153
150
147
144
141
138
135
132
129
126
123
120
117
114
111
108
105
102
99
96
93
90
87
84
81
78
75
72
69
66
63
60
57
54
51
48
45
42
39
36
33
30
27
24
21
18
15
12
9
6
3
1500
1497
1494
1491
1488
1485
1482
1479
1476
1473
1470
1467
1464
1461
1458
1455
1452
1449
1446
1443
1440
1437
1434
1431
1428
1425
1422
1419
1416
1413
1410
1407
1404
1401
1398
1395
1392
1389
1386
1383
1380
1377
1374
1371
1368
1365
1362
1359
1356
1353
1350
1347
1344
1341
1338
1335
1332
1329
1326
1323
1320
1317
1314
1311
1308
1305
1302
1299
1296
1293
1290
1287
1284
1281
1278
1275
1272
1269
1266
1263
1260
1257
1254
1251
1248
1245
1242
1239
1236
1233
1230
1227
1224
1221
1218
1215
1212
1209
1206
1203
1200
1197
1194
1191
1188
1185
1182
1179
1176
1173
1170
1167
1164
1161
1158
1155
1152
1149
1146
1143
1140
1137
1134
1131
1128
1125
1122
1119
1116
1113
1110
1107
1104
1101
1098
1095
1092
1089
1086
1083
1080
1077
1074
1071
1068
1065
1062
1059
1056
1053
1050
1047
1044
1041
1038
1035
1032
1029
1026
1023
1020
1017
1014
1011
1008
1005
1002
999
996
993
990
987
984
981
978
975
972
969
966
963
960
957
954
951
948
945
942
939
936
933
930
927
924
921
918
915
912
909
906
903
900
897
894
891
888
885
882
879
876
873
870
867
864
861
858
855
852
849
846
843
840
837
834
831
828
825
822
819
816
813
810
807
804
801
798
795
792
789
786
783
780
777
774
771
768
765
762
759
756
753
750
747
744
741
738
735
732
729
726
723
720
717
714
711
708
705
702
699
696
693
690
687
684
681
678
675
672
669
666
663
660
657
654
651
648
645
642
639
636
633
630
627
624
621
618
615
612
609
606
603
600
597
594
591
588
585
582
579
576
573
570
567
564
561
558
555
552
549
546
543
540
537
534
531
528
525
522
519
516
513
510
507
504
501
498
495
492
489
486
483
480
477
474
471
468
465
462
459
456
453
450
447
444
441
438
435
432
429
426
423
420
417
414
411
408
405
402
399
396
393
390
387
384
381
378
375
372
369
366
363
360
357
354
351
348
345
342
339
336
333
330
327
324
321
318
315
312
309
306
303
300
297
294
291
288
285
282
279
276
273
270
267
264
261
258
255
252
249
246
243
240
237
234
231
228
225
222
219
216
213
210
207
204
201
198
195
192
189
186
183
180
177
174
171
168
165
162
159
156
153
150
147
144
141
138
135
132
129
126
123
120
117
114
111
108
105
102
99
96
93
90
87
84
81
78
75
72
69
66
63
60
57
54
51
48
45
42
39
36
33
30
27
24
21
18
15
12
9
6
3
1500
1497
1494
1491
1488
1485
1482
1479
1476
1473
1470
1467
1464
1461
1458
1455
1452
1449
1446
1443
1440
1437
1434
1431
1428
1425
1422
1419
1416
1413
1410
1407
1404
1401
1398
1395
1392
1389
1386
1383
1380
1377
1374
1371
1368
1365
1362
1359
1356
1353
1350
1347
1344
1341
1338
1335
1332
1329
1326
1323
1320
1317
1314
1311
1308
1305
1302
1299
1296
1293
1290
1287
1284
1281
1278
1275
1272
1269
1266
1263
1260
1257
1254
1251
1248
1245
1242
1239
1236
1233
1230
1227
1224
1221
1218
1215
1212
1209
1206
1203
1200
1197
1194
1191
1188
1185
1182
1179
1176
1173
1170
1167
1164
1161
1158
1155
1152
1149
1146
1143
1140
1137
1134
1131
1128
1125
1122
1119
1116
1113
1110
1107
1104
1101
1098
1095
1092
1089
1086
1083
1080
1077
1074
1071
1068
1065
1062
1059
1056
1053
1050
1047
1044
1041
1038
1035
1032
1029
1026
1023
1020
1017
1014
1011
1008
1005
1002
999
996
993
990
987
984
981
978
975
972
969
966
963
960
957
954
951
948
945
942
939
936
933
930
927
924
921
918
915
912
909
906
903
900
897
894
891
888
885
882
879
876
873
870
867
864
861
858
855
852
849
846
843
840
837
834
831
828
825
822
819
816
813
810
807
804
801
798
795
792
789
786
783
780
777
774
771
768
765
762
759
756
753
750
747
744
741
738
735
732
729
726
723
720
717
714
711
708
705
702
699
696
693
690
687
684
681
678
675
672
669
666
663
660
657
654
651
648
645
642
639
636
633
630
627
624
621
618
615
612
609
606
603
600
597
594
591
588
585
582
579
576
573
570
567
564
561
558
555
552
549
546
543
540
537
534
531
528
525
522
519
516
513
510
507
504
501
498
495
492
489
486
483
480
477
474
471
468
465
462
459
456
453
450
447
444
441
438
435
432
429
426
423
420
417
414
411
408
405
402
399
396
393
390
387
384
381
378
375
372
369
366
363
360
357
354
351
348
345
342
339
336
333
330
327
324
321
318
315
312
309
306
303
300
297
294
291
288
285
282
279
276
273
270
267
264
261
258
255
252
249
246
243
240
237
234
231
228
225
222
219
216
213
210
207
204
201
198
195
192
189
186
183
180
177
174
171
168
165
162
159
156
153
150
147
144
141
138
135
132
129
126
123
120
117
114
111
108
105
102
99
96
93
90
87
84
81
78
75
72
69
66
63
60
57
54
51
48
45
42
39
36
33
30
27
24
21
18
15
12
9
6
3
1500
1497
1494
1491
1488
1485
1482
1479
1476
1473
1470
1467
1464
1461
1458
1455
1452
1449
1446
1443
1440
1437
1434
1431
1428
1425
1422
1419
1416
1413
1410
1407
1404
1401
1398
1395
1392
1389
1386
1383
1380
1377
1374
1371
1368
1365
1362
1359
1356
1353
1350
1347
1344
1341
1338
1335
1332
1329
1326
1323
1320
1317
1314
1311
1308
1305
1302
1299
1296
1293
1290
1287
1284
1281
1278
1275
1272
1269
1266
1263
1260
1257
1254
1251
1248
1245
1242
1239
1236
1233
1230
1227
1224
1221
1218
1215
1212
1209
1206
1203
1200
1197
1194
1191
1188
1185
1182
1179
1176
1173
1170
1167
1164
1161
1158
1155
1152
1149
1146
1143
1140
1137
1134
1131
1128
1125
1122
1119
1116
1113
1110
1107
1104
1101
1098
1095
1092
1089
1086
1083
1080
1077
1074
1071
1068
1065
1062
1059
1056
1053
1050
1047
1044
1041
1038
1035
1032
1029
1026
1023
1020
1017
1014
1011
1008
1005
1002
999
996
993
990
987
984
981
978
975
972
969
966
963
960
957
954
951
948
945
942
939
936
933
930
927
924
921
918
915
912
909
906
903
900
897
894
891
888
885
882
879
876
873
870
867
864
861
858
855
852
849
846
843
840
837
834
831
828
825
822
819
816
813
810
807
804
801
798
795
792
789
786
783
780
777
774
771
768
765
762
759
756
753
750
747
744
741
738
735
732
729
726
723
720
717
714
711
708
705
702
699
696
693
690
687
684
681
678
675
672
669
666
663
660
657
654
651
648
645
642
639
636
633
630
627
624
621
618
615
612
609
606
603
600
597
594
591
588
585
582
579
576
573
570
567
564
561
558
555
552
549
546
543
540
537
534
531
528
525
522
519
516
513
510
507
504
501
498
495
492
489
486
483
480
477
474
471
468
465
462
459
456
453
450
447
444
441
438
435
432
429
426
423
420
417
414
411
408
405
402
399
396
393
390
387
384
381
378
375
372
369
366
363
360
357
354
351
348
345
342
339
336
333
330
327
324
321
318
315
312
309
306
303
300
297
294
291
288
285
282
279
276
273
270
267
264
261
258
255
252
249
246
243
240
237
234
231
228
225
222
219
216
213
210
207
204
201
198
195
192
189
186
183
180
177
174
171
168
165
162
159
156
153
150
147
144
141
138
135
132
129
126
123
120
117
114
111
108
105
102
99
96
93
90
87
84
81
78
75
72
69
66
63
60
57
54
51
48
45
42
39
36
33
30
27
24
21
18
15
12
9
6
3
1500
1497
1494
1491
1488
1485
1482
1479
1476
1473
1470
1467
1464
1461
1458
1455
1452
1449
1446
1443
1440
1437
1434
1431
1428
1425
1422
1419
1416
1413
1410
1407
1404
1401
1398
1395
1392
1389
1386
1383
1380
1377
1374
1371
1368
1365
1362
1359
1356
1353
1350
1347
1344
1341
1338
1335
1332
1329
1326
1323
1320
1317
1314
1311
1308
1305
1302
1299
1296
1293
1290
1287
1284
1281
1278
1275
1272
1269
1266
1263
1260
1257
1254
1251
1248
1245
1242
1239
1236
1233
1230
1227
1224
1221
1218
1215
1212
1209
1206
1203
1200
1197
1194
1191
1188
1185
1182
1179
1176
1173
1170
1167
1164
1161
1158
1155
1152
1149
1146
1143
1140
1137
1134
1131
1128
1125
1122
1119
1116
1113
1110
1107
1104
1101
1098
1095
1092
1089
1086
1083
1080
1077
1074
1071
1068
1065
1062
1059
1056
1053
1050
1047
1044
1041
1038
1035
1032
1029
1026
1023
1020
1017
1014
1011
1008
1005
1002
999
996
993
990
987
984
981
978
975
972
969
966
963
960
957
954
951
948
945
942
939
936
933
930
927
924
921
918
915
912
909
906
903
900
897
894
891
888
885
882
879
876
873
870
867
864
861
858
855
852
849
846
843
840
837
834
831
828
825
822
819
816
813
810
807
804
801
798
795
792
789
786
783
780
777
774
771
768
765
762
759
756
753
750
747
744
741
738
735
732
729
726
723
720
717
714
711
708
705
702
699
696
693
690
687
684
681
678
675
672
669
666
663
660
657
654
651
648
645
642
639
636
633
630
627
624
621
618
615
612
609
606
603
600
597
594
591
588
585
582
579
576
573
570
567
564
561
558
555
552
549
546
543
540
537
534
531
528
525
522
519
516
513
510
507
504
501
498
495
492
489
486
483
480
477
474
471
468
465
462
459
456
453
450
447
444
441
438
435
432
429
426
423
420
417
414
411
408
405
402
399
396
393
390
387
384
381
378
375
372
369
366
363
360
357
354
351
348
345
342
339
336
333
330
327
324
321
318
315
312
309
306
303
300
297
294
291
288
285
282
279
276
273
270
267
264
261
258
255
252
249
246
243
240
237
234
231
228
225
222
219
216
213
210
207
204
201
198
195
192
189
186
183
180
177
174
171
168
165
162
159
156
153
150
147
144
141
138
135
132
129
126
123
120
117
114
111
108
105
102
99
96
93
90
87
84
81
78
75
72
69
66
63
60
57
54
51
48
45
42
39
36
33
30
27
24
21
18
15
12
9
6
3
1500
1497
1494
1491
1488
1485
1482
1479
1476
1473
1470
1467
1464
1461
1458
1455
1452
1449
1446
1443
1440
1437
1434
1431
1428
1425
1422
1419
1416
1413
1410
1407
1404
1401
1398
1395
1392
1389
1386
1383
1380
1377
1374
1371
1368
1365
1362
1359
1356
1353
1350
1347
1344
1341
1338
1335
1332
1329
1326
1323
1320
1317
1314
1311
1308
1305
1302
1299
1296
1293
1290
1287
1284
1281
1278
1275
1272
1269
1266
1263
1260
1257
1254
1251
1248
1245
1242
1239
1236
1233
1230
1227
1224
1221
1218
1215
1212
1209
1206
1203
1200
1197
1194
1191
1188
1185
1182
1179
1176
1173
1170
1167
1164
1161
1158
1155
1152
1149
1146
1143
1140
1137
1134
1131
1128
1125
1122
1119
1116
1113
1110
1107
1104
1101
1098
1095
1092
1089
1086
1083
1080
1077
1074
1071
1068
1065
1062
1059
1056
1053
1050
1047
1044
1041
1038
1035
1032
1029
1026
1023
1020
1017
1014
1011
1008
1005
1002
999
996
993
990
987
984
981
978
975
972
969
966
963
960
957
954
951
948
945
942
939
936
933
930
927
924
921
918
915
912
909
906
903
900
897
894
891
888
885
882
879
876
873
870
867
864
861
858
855
852
849
846
843
840
837
834
831
828
825
822
819
816
813
810
807
804
801
798
795
792
789
786
783
780
777
774
771
768
765
762
759
756
753
750
747
744
741
738
735
732
729
726
723
720
717
714
711
708
705
702
699
696
693
690
687
684
681
678
675
672
669
666
663
660
657
654
651
648
645
642
639
636
633
630
627
624
621
618
615
612
609
606
603
600
597
594
591
588
585
582
579
576
573
570
567
564
561
558
555
552
549
546
543
540
537
534
531
528
525
522
519
516
513
510
507
504
501
498
495
492
489
486
483
480
477
474
471
468
465
462
459
456
453
450
447
444
441
438
435
432
429
426
423
420
417
414
411
408
405
402
399
396
393
390
387
384
381
378
375
372
369
366
363
360
357
354
351
348
345
342
339
336
333
330
327
324
321
318
315
312
309
306
303
300
297
294
291
288
285
282
279
276
273
270
267
264
261
258
255
252
249
246
243
240
237
234
231
228
225
222
219
216
213
210
207
204
201
198
195
192
189
186
183
180
177
174
171
168
165
162
159
156
153
150
147
144
141
138
135
132
129
126
123
120
117
114
111
108
105
102
99
96
93
90
87
84
81
78
75
72
69
66
63
60
57
54
51
48
45
42
39
36
33
30
27
24
21
18
15
12
9
6
3
1500
1497
1494
1491
1488
1485
1482
1479
1476
1473
1470
1467
1464
1461
1458
1455
1452
1449
1446
1443
1440
1437
1434
1431
1428
1425
1422
1419
1416
1413
1410
1407
1404
1401
1398
1395
1392
1389
1386
1383
1380
1377
1374
1371
1368
1365
1362
1359
1356
1353
1350
1347
1344
1341
1338
1335
1332
1329
1326
1323
1320
1317
1314
1311
1308
1305
1302
1299
1296
1293
1290
1287
1284
1281
1278
1275
1272
1269
1266
1263
1260
1257
1254
1251
1248
1245
1242
1239
1236
1233
1230
1227
1224
1221
1218
1215
1212
1209
1206
1203
1200
1197
1194
1191
1188
1185
1182
1179
1176
1173
1170
1167
1164
1161
1158
1155
1152
1149
1146
1143
1140
1137
1134
1131
1128
1125
1122
1119
1116
1113
1110
1107
1104
1101
1098
1095
1092
1089
1086
1083
1080
1077
1074
1071
1068
1065
1062
1059
1056
1053
1050
1047
1044
1041
1038
1035
1032
1029
1026
1023
1020
1017
1014
1011
1008
1005
1002
999
996
993
990
987
984
981
978
975
972
969
966
963
960
957
954
951
948
945
942
939
936
933
930
927
924
921
918
915
912
909
906
903
900
897
894
891
888
885
882
879
876
873
870
867
864
861
858
855
852
849
846
843
840
837
834
831
828
825
822
819
816
813
810
807
804
801
798
795
792
789
786
783
780
777
774
771
768
765
762
759
756
753
750
747
744
741
738
735
732
729
726
723
720
717
714
711
708
705
702
699
696
693
690
687
684
681
678
675
672
669
666
663
660
657
654
651
648
645
642
639
636
633
630
627
624
621
618
615
612
609
606
603
600
597
594
591
588
585
582
579
576
573
570
567
564
561
558
555
552
549
546
543
540
537
534
531
528
525
522
519
516
513
510
507
504
501
498
495
492
489
486
483
480
477
474
471
468
465
462
459
456
453
450
447
444
441
438
435
432
429
426
423
420
417
414
411
408
405
402
399
396
393
390
387
384
381
378
375
372
369
366
363
360
357
354
351
348
345
342
339
336
333
330
327
324
321
318
315
312
309
306
303
300
297
294
291
288
285
282
279
276
273
270
267
264
261
258
255
252
249
246
243
240
237
234
231
228
225
222
219
216
213
210
207
204
201
198
195
192
189
186
183
180
177
174
171
168
165
162
159
156
153
150
147
144
141
138
135
132
129
126
123
120
117
114
111
108
105
102
99
96
93
90
87
84
81
78
75
72
69
66
63
60
57
54
51
48
45
42
39
36
33
30
27
24
21
18
15
12
9
6
3
1500
1497
1494
1491
1488
1485
1482
1479
1476
1473
1470
1467
1464
1461
1458
1455
1452
1449
1446
1443
1440
1437
1434
1431
1428
1425
1422
1419
1416
1413
1410
1407
1404
1401
1398
1395
1392
1389
1386
1383
1380
1377
1374
1371
1368
1365
1362
1359
1356
1353
1350
1347
1344
1341
1338
1335
1332
1329
1326
1323
1320
1317
1314
1311
1308
1305
1302
1299
1296
1293
1290
1287
1284
1281
1278
1275
1272
1269
1266
1263
1260
1257
1254
1251
1248
1245
1242
1239
1236
1233
1230
1227
1224
1221
1218
1215
1212
1209
1206
1203
1200
1197
1194
1191
1188
1185
1182
1179
1176
1173
1170
1167
1164
1161
1158
1155
1152
1149
1146
1143
1140
1137
1134
1131
1128
1125
1122
1119
1116
1113
1110
1107
1104
1101
1098
1095
1092
1089
1086
1083
1080
1077
1074
1071
1068
1065
1062
1059
1056
1053
1050
1047
1044
1041
1038
1035
1032
1029
1026
1023
1020
1017
1014
1011
1008
1005
1002
999
996
993
990
987
984
981
978
975
972
969
966
963
960
957
954
951
948
945
942
939
936
933
930
927
924
921
918
915
912
909
906
903
900
897
894
891
888
885
882
879
876
873
870
867
864
861
858
855
852
849
846
843
840
837
834
831
828
825
822
819
816
813
810
807
804
801
798
795
792
789
786
783
780
777
774
771
768
765
762
759
756
753
750
747
744
741
738
735
732
729
726
723
720
717
714
711
708
705
702
699
696
693
690
687
684
681
678
675
672
669
666
663
660
657
654
651
648
645
642
639
636
633
630
627
624
621
618
615
612
609
606
603
600
597
594
591
588
585
582
579
576
573
570
567
564
561
558
555
552
549
546
543
540
537
534
531
528
525
522
519
516
513
510
507
504
501
498
495
492
489
486
483
480
477
474
471
468
465
462
459
456
453
450
447
444
441
438
435
432
429
426
423
420
417
414
411
408
405
402
399
396
393
390
387
384
381
378
375
372
369
366
363
360
357
354
351
348
345
342
339
336
333
330
327
324
321
318
315
312
309
306
303
300
297
294
291
288
285
282
279
276
273
270
267
264
261
258
255
252
249
246
243
240
237
234
231
228
225
222
219
216
213
210
207
204
201
198
195
192
189
186
183
180
177
174
171
168
165
162
159
156
153
150
147
144
141
138
135
132
129
126
123
120
117
114
111
108
105
102
99
96
93
90
87
84
81
78
75
72
69
66
63
60
57
54
51
48
45
42
39
36
33
30
27
24
21
18
15
12
9
6
3
1500
1497
1494
1491
1488
1485
1482
1479
1476
1473
1470
1467
1464
1461
1458
1455
1452
1449
1446
1443
1440
1437
1434
1431
1428
1425
1422
1419
1416
1413
1410
1407
1404
1401
1398
1395
1392
1389
1386
1383
1380
1377
1374
1371
1368
1365
1362
1359
1356
1353
1350
1347
1344
1341
1338
1335
1332
1329
1326
1323
1320
1317
1314
1311
1308
1305
1302
1299
1296
1293
1290
1287
1284
1281
1278
1275
1272
1269
1266
1263
1260
1257
1254
1251
1248
1245
1242
1239
1236
1233
1230
1227
1224
1221
1218
1215
1212
1209
1206
1203
1200
1197
1194
1191
1188
1185
1182
1179
1176
1173
1170
1167
1164
1161
1158
1155
1152
1149
1146
1143
1140
1137
1134
1131
1128
1125
1122
1119
1116
1113
1110
1107
1104
1101
1098
1095
1092
1089
1086
1083
1080
1077
1074
1071
1068
1065
1062
1059
1056
1053
1050
1047
1044
1041
1038
1035
1032
1029
1026
1023
1020
1017
1014
1011
1008
1005
1002
999
996
993
990
987
984
981
978
975
972
969
966
963
960
957
954
951
948
945
942
939
936
933
930
927
924
921
918
915
912
909
906
903
900
897
894
891
888
885
882
879
876
873
870
867
864
861
858
855
852
849
846
843
840
837
834
831
828
825
822
819
816
813
810
807
804
801
798
795
792
789
786
783
780
777
774
771
768
765
762
759
756
753
750
747
744
741
738
735
732
729
726
723
720
717
714
711
708
705
702
699
696
693
690
687
684
681
678
675
672
669
666
663
660
657
654
651
648
645
642
639
636
633
630
627
624
621
618
615
612
609
606
603
600
597
594
591
588
585
582
579
576
573
570
567
564
561
558
555
552
549
546
543
540
537
534
531
528
525
522
519
516
513
510
507
504
501
498
495
492
489
486
483
480
477
474
471
468
465
462
459
456
453
450
447
444
441
438
435
432
429
426
423
420
417
414
411
408
405
402
399
396
393
390
387
384
381
378
375
372
369
366
363
360
357
354
351
348
345
342
339
336
333
330
327
324
321
318
315
312
309
306
303
300
297
294
291
288
285
282
279
276
273
270
267
264
261
258
255
252
249
246
243
240
237
234
231
228
225
222
219
216
213
210
207
204
201
198
195
192
189
186
183
180
177
174
171
168
165
162
159
156
153
150
147
144
141
138
135
132
129
126
123
120
117
114
111
108
105
102
99
96
93
90
87
84
81
78
75
72
69
66
63
60
57
54
51
48
45
42
39
36
33
30
27
24
21
18
15
12
9
6
3
1500
1497
1494
1491
1488
1485
1482
1479
1476
1473
1470
1467
1464
1461
1458
1455
1452
1449
1446
1443
1440
1437
1434
1431
1428
1425
1422
1419
1416
1413
1410
1407
1404
1401
1398
1395
1392
1389
1386
1383
1380
1377
1374
1371
1368
1365
1362
1359
1356
1353
1350
1347
1344
1341
1338
1335
1332
1329
1326
1323
1320
1317
1314
1311
1308
1305
1302
1299
1296
1293
1290
1287
1284
1281
1278
1275
1272
1269
1266
1263
1260
1257
1254
1251
1248
1245
1242
1239
1236
1233
1230
1227
1224
1221
1218
1215
1212
1209
1206
1203
1200
1197
1194
1191
1188
1185
1182
1179
1176
1173
1170
1167
1164
1161
1158
1155
1152
1149
1146
1143
1140
1137
1134
1131
1128
1125
1122
1119
1116
1113
1110
1107
1104
1101
1098
1095
1092
1089
1086
1083
1080
1077
1074
1071
1068
1065
1062
1059
1056
1053
1050
1047
1044
1041
1038
1035
1032
1029
1026
1023
1020
1017
1014
1011
1008
1005
1002
999
996
993
990
987
984
981
978
975
972
969
966
963
960
957
954
951
948
945
942
939
936
933
930
927
924
921
918
915
912
909
906
903
900
897
894
891
888
885
882
879
876
873
870
867
864
861
858
855
852
849
846
843
840
837
834
831
828
825
822
819
816
813
810
807
804
801
798
795
792
789
786
783
780
777
774
771
768
765
762
759
756
753
750
747
744
741
738
735
732
729
726
723
720
717
714
711
708
705
702
699
696
693
690
687
684
681
678
675
672
669
666
663
660
657
654
651
648
645
642
639
636
633
630
627
624
621
618
615
612
609
606
603
600
597
594
591
588
585
582
579
576
573
570
567
564
561
558
555
552
549
546
543
540
537
534
531
528
525
522
519
516
513
510
507
504
501
498
495
492
489
486
483
480
477
474
471
468
465
462
459
456
453
450
447
444
441
438
435
432
429
426
423
420
417
414
411
408
405
402
399
396
393
390
387
384
381
378
375
372
369
366
363
360
357
354
351
348
345
342
339
336
333
330
327
324
321
318
315
312
309
306
303
300
297
294
291
288
285
282
279
276
273
270
267
264
261
258
255
252
249
246
243
240
237
234
231
228
225
222
219
216
213
210
207
204
201
198
195
192
189
186
183
180
177
174
171
168
165
162
159
156
153
150
147
144
141
138
135
132
129
126
123
120
117
114
111
108
105
102
99
96
93
90
87
84
81
78
75
72
69
66
63
60
57
54
51
48
45
42
39
36
33
30
27
24
21
18
15
12
9
6
3
1500
1497
1494
1491
1488
1485
1482
1479
1476
1473
1470
1467
1464
1461
1458
1455
1452
1449
1446
1443
1440
1437
1434
1431
1428
1425
1422
1419
1416
1413
1410
1407
1404
1401
1398
1395
1392
1389
1386
1383
1380
1377
1374
1371
1368
1365
1362
1359
1356
1353
1350
1347
1344
1341
1338
1335
1332
1329
1326
1323
1320
1317
1314
1311
1308
1305
1302
1299
1296
1293
1290
1287
1284
1281
1278
1275
1272
1269
1266
1263
1260
1257
1254
1251
1248
1245
1242
1239
1236
1233
1230
1227
1224
1221
1218
1215
1212
1209
1206
1203
1200
1197
1194
1191
1188
1185
1182
1179
1176
1173
1170
1167
1164
1161
1158
1155
1152
1149
1146
1143
1140
1137
1134
1131
1128
1125
1122
1119
1116
1113
1110
1107
1104
1101
1098
1095
1092
1089
1086
1083
1080
1077
1074
1071
1068
1065
1062
1059
1056
1053
1050
1047
1044
1041
1038
1035
1032
1029
1026
1023
1020
1017
1014
1011
1008
1005
1002
999
996
993
990
987
984
981
978
975
972
969
966
963
960
957
954
951
948
945
942
939
936
933
930
927
924
921
918
915
912
909
906
903
900
897
894
891
888
885
882
879
876
873
870
867
864
861
858
855
852
849
846
843
840
837
834
831
828
825
822
819
816
813
810
807
804
801
798
795
792
789
786
783
780
777
774
771
768
765
762
759
756
753
750
747
744
741
738
735
732
729
726
723
720
717
714
711
708
705
702
699
696
693
690
687
684
681
678
675
672
669
666
663
660
657
654
651
648
645
642
639
636
633
630
627
624
621
618
615
612
609
606
603
600
597
594
591
588
585
582
579
576
573
570
567
564
561
558
555
552
549
546
543
540
537
534
531
528
525
522
519
516
513
510
507
504
501
498
495
492
489
486
483
480
477
474
471
468
465
462
459
456
453
450
447
444
441
438
435
432
429
426
423
420
417
414
411
408
405
402
399
396
393
390
387
384
381
378
375
372
369
366
363
360
357
354
351
348
345
342
339
336
333
330
327
324
321
318
315
312
309
306
303
300
297
294
291
288
285
282
279
276
273
270
267
264
261
258
255
252
249
246
243
240
237
234
231
228
225
222
219
216
213
210
207
204
201
198
195
192
189
186
183
180
177
174
171
168
165
162
159
156
153
150
147
144
141
138
135
132
129
126
123
120
117
114
111
108
105
102
99
96
93
90
87
84
81
78
75
72
69
66
63
60
57
54
51
48
45
42
39
36
33
30
27
24
21
18
15
12
9
6
3
1500
1497
1494
1491
1488
1485
1482
1479
1476
1473
1470
1467
1464
1461
1458
1455
1452
1449
1446
1443
1440
1437
1434
1431
1428
1425
1422
1419
1416
1413
1410
1407
1404
1401
1398
1395
1392
1389
1386
1383
1380
1377
1374
1371
1368
1365
1362
1359
1356
1353
1350
1347
1344
1341
1338
1335
1332
1329
1326
1323
1320
1317
1314
1311
1308
1305
1302
1299
1296
1293
1290
1287
1284
1281
1278
1275
1272
1269
1266
1263
1260
1257
1254
1251
1248
1245
1242
1239
1236
1233
1230
1227
1224
1221
1218
1215
1212
1209
1206
1203
1200
1197
1194
1191
1188
1185
1182
1179
1176
1173
1170
1167
1164
1161
1158
1155
1152
1149
1146
1143
1140
1137
1134
1131
1128
1125
1122
1119
1116
1113
1110
1107
1104
1101
1098
1095
1092
1089
1086
1083
1080
1077
1074
1071
1068
1065
1062
1059
1056
1053
1050
1047
1044
1041
1038
1035
1032
1029
1026
1023
1020
1017
1014
1011
1008
1005
1002
999
996
993
990
987
984
981
978
975
972
969
966
963
960
957
954
951
948
945
942
939
936
933
930
927
924
921
918
915
912
909
906
903
900
897
894
891
888
885
882
879
876
873
870
867
864
861
858
855
852
849
846
843
840
837
834
831
828
825
822
819
816
813
810
807
804
801
798
795
792
789
786
783
780
777
774
771
768
765
762
759
756
753
750
747
744
741
738
735
732
729
726
723
720
717
714
711
708
705
702
699
696
693
690
687
684
681
678
675
672
669
666
663
660
657
654
651
648
645
642
639
636
633
630
627
624
621
618
615
612
609
606
603
600
597
594
591
588
585
582
579
576
573
570
567
564
561
558
555
552
549
546
543
540
537
534
531
528
525
522
519
516
513
510
507
504
501
498
495
492
489
486
483
480
477
474
471
468
465
462
459
456
453
450
447
444
441
438
435
432
429
426
423
420
417
414
411
408
405
402
399
396
393
390
387
384
381
378
375
372
369
366
363
360
357
354
351
348
345
342
339
336
333
330
327
324
321
318
315
312
309
306
303
300
297
294
291
288
285
282
279
276
273
270
267
264
261
258
255
252
249
246
243
240
237
234
231
228
225
222
219
216
213
210
207
204
201
198
195
192
189
186
183
180
177
174
171
168
165
162
159
156
153
150
147
144
141
138
135
132
129
126
123
120
117
114
111
108
105
102
99
96
93
90
87
84
81
78
75
72
69
66
63
60
57
54
51
48
45
42
39
36
33
30
27
24
21
18
15
12
9
6
3
1500
1497
1494
1491
1488
1485
1482
1479
1476
1473
1470
1467
1464
1461
1458
1455
1452
1449
1446
1443
1440
1437
1434
1431
1428
1425
1422
1419
1416
1413
1410
1407
1404
1401
1398
1395
1392
1389
1386
1383
1380
1377
1374
1371
1368
1365
1362
1359
1356
1353
1350
1347
1344
1341
1338
1335
1332
1329
1326
1323
1320
1317
1314
1311
1308
1305
1302
1299
1296
1293
1290
1287
1284
1281
1278
1275
1272
1269
1266
1263
1260
1257
1254
1251
1248
1245
1242
1239
1236
1233
1230
1227
1224
1221
1218
1215
1212
1209
1206
1203
1200
1197
1194
1191
1188
1185
1182
1179
1176
1173
1170
1167
1164
1161
1158
1155
1152
1149
1146
1143
1140
1137
1134
1131
1128
1125
1122
1119
1116
1113
1110
1107
1104
1101
1098
1095
1092
1089
1086
1083
1080
1077
1074
1071
1068
1065
1062
1059
1056
1053
1050
1047
1044
1041
1038
1035
1032
1029
1026
1023
1020
1017
1014
1011
1008
1005
1002
999
996
993
990
987
984
981
978
975
972
969
966
963
960
957
954
951
948
945
942
939
936
933
930
927
924
921
918
915
912
909
906
903
900
897
894
891
888
885
882
879
876
873
870
867
864
861
858
855
852
849
846
843
840
837
834
831
828
825
822
819
816
813
810
807
804
801
798
795
792
789
786
783
780
777
774
771
768
765
762
759
756
753
750
747
744
741
738
735
732
729
726
723
720
717
714
711
708
705
702
699
696
693
690
687
684
681
678
675
672
669
666
663
660
657
654
651
648
645
642
639
636
633
630
627
624
621
618
615
612
609
606
603
600
597
594
591
588
585
582
579
576
573
570
567
564
561
558
555
552
549
546
543
540
537
534
531
528
525
522
519
516
513
510
507
504
501
498
495
492
489
486
483
480
477
474
471
468
465
462
459
456
453
450
447
444
441
438
435
432
429
426
423
420
417
414
411
408
405
402
399
396
393
390
387
384
381
378
375
372
369
366
363
360
357
354
351
348
345
342
339
336
333
330
327
324
321
318
315
312
309
306
303
300
297
294
291
288
285
282
279
276
273
270
267
264
261
258
255
252
249
246
243
240
237
234
231
228
225
222
219
216
213
210
207
204
201
198
195
192
189
186
183
180
177
174
171
168
165
162
159
156
153
150
147
144
141
138
135
132
129
126
123
120
117
114
111
108
105
102
99
96
93
90
87
84
81
78
75
72
69
66
63
60
57
54
51
48
45
42
39
36
33
30
27
24
21
18
15
12
9
6
3
1500
1497
1494
1491
1488
1485
1482
1479
1476
1473
1470
1467
1464
1461
1458
1455
1452
1449
1446
1443
1440
1437
1434
1431
1428
1425
1422
1419
1416
1413
1410
1407
1404
1401
1398
1395
1392
1389
1386
1383
1380
1377
1374
1371
1368
1365
1362
1359
1356
1353
1350
1347
1344
1341
1338
1335
1332
1329
1326
1323
1320
1317
1314
1311
1308
1305
1302
1299
1296
1293
1290
1287
1284
1281
1278
1275
1272
1269
1266
1263
1260
1257
1254
1251
1248
1245
1242
1239
1236
1233
1230
1227
1224
1221
1218
1215
1212
1209
1206
1203
1200
1197
1194
1191
1188
1185
1182
1179
1176
1173
1170
1167
1164
1161
1158
1155
1152
1149
1146
1143
1140
1137
1134
1131
1128
1125
1122
1119
1116
1113
1110
1107
1104
1101
1098
1095
1092
1089
1086
1083
1080
1077
1074
1071
1068
1065
1062
1059
1056
1053
1050
1047
1044
1041
1038
1035
1032
1029
1026
1023
1020
1017
1014
1011
1008
1005
1002
999
996
993
990
987
984
981
978
975
972
969
966
963
960
957
954
951
948
945
942
939
936
933
930
927
924
921
918
915
912
909
906
903
900
897
894
891
888
885
882
879
876
873
870
867
864
861
858
855
852
849
846
843
840
837
834
831
828
825
822
819
816
813
810
807
804
801
798
795
792
789
786
783
780
777
774
771
768
765
762
759
756
753
750
747
744
741
738
735
732
729
726
723
720
717
714
711
708
705
702
699
696
693
690
687
684
681
678
675
672
669
666
663
660
657
654
651
648
645
642
639
636
633
630
627
624
621
618
615
612
609
606
603
600
597
594
591
588
585
582
579
576
573
570
567
564
561
558
555
552
549
546
543
540
537
534
531
528
525
522
519
516
513
510
507
504
501
498
495
492
489
486
483
480
477
474
471
468
465
462
459
456
453
450
447
444
441
438
435
432
429
426
423
420
417
414
411
408
405
402
399
396
393
390
387
384
381
378
375
372
369
366
363
360
357
354
351
348
345
342
339
336
333
330
327
324
321
318
315
312
309
306
303
300
297
294
291
288
285
282
279
276
273
270
267
264
261
258
255
252
249
246
243
240
237
234
231
228
225
222
219
216
213
210
207
204
201
198
195
192
189
186
183
180
177
174
171
168
165
162
159
156
153
150
147
144
141
138
135
132
129
126
123
120
117
114
111
108
105
102
99
96
93
90
87
84
81
78
75
72
69
66
63
60
57
54
51
48
45
42
39
36
33
30
27
24
21
18
15
12
9
6
3
1500
1497
1494
1491
1488
1485
1482
1479
1476
1473
1470
1467
1464
1461
1458
1455
1452
1449
1446
1443
1440
1437
1434
1431
1428
1425
1422
1419
1416
1413
1410
1407
1404
1401
1398
1395
1392
1389
1386
1383
1380
1377
1374
1371
1368
1365
1362
1359
1356
1353
1350
1347
1344
1341
1338
1335
1332
1329
1326
1323
1320
1317
1314
1311
1308
1305
1302
1299
1296
1293
1290
1287
1284
1281
1278
1275
1272
1269
1266
1263
1260
1257
1254
1251
1248
1245
1242
1239
1236
1233
1230
1227
1224
1221
1218
1215
1212
1209
1206
1203
1200
1197
1194
1191
1188
1185
1182
1179
1176
1173
1170
1167
1164
1161
1158
1155
1152
1149
1146
1143
1140
1137
1134
1131
1128
1125
1122
1119
1116
1113
1110
1107
1104
1101
1098
1095
1092
1089
1086
1083
1080
1077
1074
1071
1068
1065
1062
1059
1056
1053
1050
1047
1044
1041
1038
1035
1032
1029
1026
1023
1020
1017
1014
1011
1008
1005
1002
999
996
993
990
987
984
981
978
975
972
969
966
963
960
957
954
951
948
945
942
939
936
933
930
927
924
921
918
915
912
909
906
903
900
897
894
891
888
885
882
879
876
873
870
867
864
861
858
855
852
849
846
843
840
837
834
831
828
825
822
819
816
813
810
807
804
801
798
795
792
789
786
783
780
777
774
771
768
765
762
759
756
753
750
747
744
741
738
735
732
729
726
723
720
717
714
711
708
705
702
699
696
693
690
687
684
681
678
675
672
669
666
663
660
657
654
651
648
645
642
639
636
633
630
627
624
621
618
615
612
609
606
603
600
597
594
591
588
585
582
579
576
573
570
567
564
561
558
555
552
549
546
543
540
537
534
531
528
525
522
519
516
513
510
507
504
501
498
495
492
489
486
483
480
477
474
471
468
465
462
459
456
453
450
447
444
441
438
435
432
429
426
423
420
417
414
411
408
405
402
399
396
393
390
387
384
381
378
375
372
369
366
363
360
357
354
351
348
345
342
339
336
333
330
327
324
321
318
315
312
309
306
303
300
297
294
291
288
285
282
279
276
273
270
267
264
261
258
255
252
249
246
243
240
237
234
231
228
225
222
219
216
213
210
207
204
201
198
195
192
189
186
183
180
177
174
171
168
165
162
159
156
153
150
147
144
141
138
135
132
129
126
123
120
117
114
111
108
105
102
99
96
93
90
87
84
81
78
75
72
69
66
63
60
57
54
51
48
45
42
39
36
33
30
27
24
21
18
15
12
9
6
3
1500
1497
1494
1491
1488
1485
1482
1479
1476
1473
1470
1467
1464
1461
1458
1455
1452
1449
1446
1443
1440
1437
1434
1431
1428
1425
1422
1419
1416
1413
1410
1407
1404
1401
1398
1395
1392
1389
1386
1383
1380
1377
1374
1371
1368
1365
1362
1359
1356
1353
1350
1347
1344
1341
1338
1335
1332
1329
1326
1323
1320
1317
1314
1311
1308
1305
1302
1299
1296
1293
1290
1287
1284
1281
1278
1275
1272
1269
1266
1263
1260
1257
1254
1251
1248
1245
1242
1239
1236
1233
1230
1227
1224
1221
1218
1215
1212
1209
1206
1203
1200
1197
1194
1191
1188
1185
1182
1179
1176
1173
1170
1167
1164
1161
1158
1155
1152
1149
1146
1143
1140
1137
1134
1131
1128
1125
1122
1119
1116
1113
1110
1107
1104
1101
1098
1095
1092
1089
1086
1083
1080
1077
1074
1071
1068
1065
1062
1059
1056
1053
1050
1047
1044
1041
1038
1035
1032
1029
1026
1023
1020
1017
1014
1011
1008
1005
1002
999
996
993
990
987
984
981
978
975
972
969
966
963
960
957
954
951
948
945
942
939
936
933
930
927
924
921
918
915
912
909
906
903
900
897
894
891
888
885
882
879
876
873
870
867
864
861
858
855
852
849
846
843
840
837
834
831
828
825
822
819
816
813
810
807
804
801
798
795
792
789
786
783
780
777
774
771
768
765
762
759
756
753
750
747
744
741
738
735
732
729
726
723
720
717
714
711
708
705
702
699
696
693
690
687
684
681
678
675
672
669
666
663
660
657
654
651
648
645
642
639
636
633
630
627
624
621
618
615
612
609
606
603
600
597
594
591
588
585
582
579
576
573
570
567
564
561
558
555
552
549
546
543
540
537
534
531
528
525
522
519
516
513
510
507
504
501
498
495
492
489
486
483
480
477
474
471
468
465
462
459
456
453
450
447
444
441
438
435
432
429
426
423
420
417
414
411
408
405
402
399
396
393
390
387
384
381
378
375
372
369
366
363
360
357
354
351
348
345
342
339
336
333
330
327
324
321
318
315
312
309
306
303
300
297
294
291
288
285
282
279
276
273
270
267
264
261
258
255
252
249
246
243
240
237
234
231
228
225
222
219
216
213
210
207
204
201
198
195
192
189
186
183
180
177
174
171
168
165
162
159
156
153
150
147
144
141
138
135
132
129
126
123
120
117
114
111
108
105
102
99
96
93
90
87
84
81
78
75
72
69
66
63
60
57
54
51
48
45
42
39
36
33
30
27
24
21
18
15
12
9
6
3
1500
1497
1494
1491
1488
1485
1482
1479
1476
1473
1470
1467
1464
1461
1458
1455
1452
1449
1446
1443
1440
1437
1434
1431
1428
1425
1422
1419
1416
1413
1410
1407
1404
1401
1398
1395
1392
1389
1386
1383
1380
1377
1374
1371
1368
1365
1362
1359
1356
1353
1350
1347
1344
1341
1338
1335
1332
1329
1326
1323
1320
1317
1314
1311
1308
1305
1302
1299
1296
1293
1290
1287
1284
1281
1278
1275
1272
1269
1266
1263
1260
1257
1254
1251
1248
1245
1242
1239
1236
1233
1230
1227
1224
1221
1218
1215
1212
1209
1206
1203
1200
1197
1194
1191
1188
1185
1182
1179
1176
1173
1170
1167
1164
1161
1158
1155
1152
1149
1146
1143
1140
1137
1134
1131
1128
1125
1122
1119
1116
1113
1110
1107
1104
1101
1098
1095
1092
1089
1086
1083
1080
1077
1074
1071
1068
1065
1062
1059
1056
1053
1050
1047
1044
1041
1038
1035
1032
1029
1026
1023
1020
1017
1014
1011
1008
1005
1002
999
996
993
990
987
984
981
978
975
972
969
966
963
960
957
954
951
948
945
942
939
936
933
930
927
924
921
918
915
912
909
906
903
900
897
894
891
888
885
882
879
876
873
870
867
864
861
858
855
852
849
846
843
840
837
834
831
828
825
822
819
816
813
810
807
804
801
798
795
792
789
786
783
780
777
774
771
768
765
762
759
756
753
750
747
744
741
738
735
732
729
726
723
720
717
714
711
708
705
702
699
696
693
690
687
684
681
678
675
672
669
666
663
660
657
654
651
648
645
642
639
636
633
630
627
624
621
618
615
612
609
606
603
600
597
594
591
588
585
582
579
576
573
570
567
564
561
558
555
552
549
546
543
540
537
534
531
528
525
522
519
516
513
510
507
504
501
498
495
492
489
486
483
480
477
474
471
468
465
462
459
456
453
450
447
444
441
438
435
432
429
426
423
420
417
414
411
408
405
402
399
396
393
390
387
384
381
378
375
372
369
366
363
360
357
354
351
348
345
342
339
336
333
330
327
324
321
318
315
312
309
306
303
300
297
294
291
288
285
282
279
276
273
270
267
264
261
258
255
252
249
246
243
240
237
234
231
228
225
222
219
216
213
210
207
204
201
198
195
192
189
186
183
180
177
174
171
168
165
162
159
156
153
150
147
144
141
138
135
132
129
126
123
120
117
114
111
108
105
102
99
96
93
90
87
84
81
78
75
72
69
66
63
60
57
54
51
48
45
42
39
36
33
30
27
24
21
18
15
12
9
6
3
1500
1497
1494
1491
1488
1485
1482
1479
1476
1473
1470
1467
1464
1461
1458
1455
1452
1449
1446
1443
1440
1437
1434
1431
1428
1425
1422
1419
1416
1413
1410
1407
1404
1401
1398
1395
1392
1389
1386
1383
1380
1377
1374
1371
1368
1365
1362
1359
1356
1353
1350
1347
1344
1341
1338
1335
1332
1329
1326
1323
1320
1317
1314
1311
1308
1305
1302
1299
1296
1293
1290
1287
1284
1281
1278
1275
1272
1269
1266
1263
1260
1257
1254
1251
1248
1245
1242
1239
1236
1233
1230
1227
1224
1221
1218
1215
1212
1209
1206
1203
1200
1197
1194
1191
1188
1185
1182
1179
1176
1173
1170
1167
1164
1161
1158
1155
1152
1149
1146
1143
1140
1137
1134
1131
1128
1125
1122
1119
1116
1113
1110
1107
1104
1101
1098
1095
1092
1089
1086
1083
1080
1077
1074
1071
1068
1065
1062
1059
1056
1053
1050
1047
1044
1041
1038
1035
1032
1029
1026
1023
1020
1017
1014
1011
1008
1005
1002
999
996
993
990
987
984
981
978
975
972
969
966
963
960
957
954
951
948
945
942
939
936
933
930
927
924
921
918
915
912
909
906
903
900
897
894
891
888
885
882
879
876
873
870
867
864
861
858
855
852
849
846
843
840
837
834
831
828
825
822
819
816
813
810
807
804
801
798
795
792
789
786
783
780
777
774
771
768
765
762
759
756
753
750
747
744
741
738
735
732
729
726
723
720
717
714
711
708
705
702
699
696
693
690
687
684
681
678
675
672
669
666
663
660
657
654
651
648
645
642
639
636
633
630
627
624
621
618
615
612
609
606
603
600
597
594
591
588
585
582
579
576
573
570
567
564
561
558
555
552
549
546
543
540
537
534
531
528
525
522
519
516
513
510
507
504
501
498
495
492
489
486
483
480
477
474
471
468
465
462
459
456
453
450
447
444
441
438
435
432
429
426
423
420
417
414
411
408
405
402
399
396
393
390
387
384
381
378
375
372
369
366
363
360
357
354
351
348
345
342
339
336
333
330
327
324
321
318
315
312
309
306
303
300
297
294
291
288
285
282
279
276
273
270
267
264
261
258
255
252
249
246
243
240
237
234
231
228
225
222
219
216
213
210
207
204
201
198
195
192
189
186
183
180
177
174
171
168
165
162
159
156
153
150
147
144
141
138
135
132
129
126
123
120
117
114
111
108
105
102
99
96
93
90
87
84
81
78
75
72
69
66
63
60
57
54
51
48
45
42
39
36
33
30
27
24
21
18
15
12
9
6
3
1500
1497
1494
1491
1488
1485
1482
1479
1476
1473
1470
1467
1464
1461
1458
1455
1452
1449
1446
1443
1440
1437
1434
1431
1428
1425
1422
1419
1416
1413
1410
1407
1404
1401
1398
1395
1392
1389
1386
1383
1380
1377
1374
1371
1368
1365
1362
1359
1356
1353
1350
1347
1344
1341
1338
1335
1332
1329
1326
1323
1320
1317
1314
1311
1308
1305
1302
1299
1296
1293
1290
1287
1284
1281
1278
1275
1272
1269
1266
1263
1260
1257
1254
1251
1248
1245
1242
1239
1236
1233
1230
1227
1224
1221
1218
1215
1212
1209
1206
1203
1200
1197
1194
1191
1188
1185
1182
1179
1176
1173
1170
1167
1164
1161
1158
1155
1152
1149
1146
1143
1140
1137
1134
1131
1128
1125
1122
1119
1116
1113
1110
1107
1104
1101
1098
1095
1092
1089
1086
1083
1080
1077
1074
1071
1068
1065
1062
1059
1056
1053
1050
1047
1044
1041
1038
1035
1032
1029
1026
1023
1020
1017
1014
1011
1008
1005
1002
999
996
993
990
987
984
981
978
975
972
969
966
963
960
957
954
951
948
945
942
939
936
933
930
927
924
921
918
915
912
909
906
903
900
897
894
891
888
885
882
879
876
873
870
867
864
861
858
855
852
849
846
843
840
837
834
831
828
825
822
819
816
813
810
807
804
801
798
795
792
789
786
783
780
777
774
771
768
765
762
759
756
753
750
747
744
741
738
735
732
729
726
723
720
717
714
711
708
705
702
699
696
693
690
687
684
681
678
675
672
669
666
663
660
657
654
651
648
645
642
639
636
633
630
627
624
621
618
615
612
609
606
603
600
597
594
591
588
585
582
579
576
573
570
567
564
561
558
555
552
549
546
543
540
537
534
531
528
525
522
519
516
513
510
507
504
501
498
495
492
489
486
483
480
477
474
471
468
465
462
459
456
453
450
447
444
441
438
435
432
429
426
423
420
417
414
411
408
405
402
399
396
393
390
387
384
381
378
375
372
369
366
363
360
357
354
351
348
345
342
339
336
333
330
327
324
321
318
315
312
309
306
303
300
297
294
291
288
285
282
279
276
273
270
267
264
261
258
255
252
249
246
243
240
237
234
231
228
225
222
219
216
213
210
207
204
201
198
195
192
189
186
183
180
177
174
171
168
165
162
159
156
153
150
147
144
141
138
135
132
129
126
123
120
117
114
111
108
105
102
99
96
93
90
87
84
81
78
75
72
69
66
63
60
57
54
51
48
45
42
39
36
33
30
27
24
21
18
15
12
9
6
3
1500
1497
1494
1491
1488
1485
1482
1479
1476
1473
1470
1467
1464
1461
1458
1455
1452
1449
1446
1443
1440
1437
1434
1431
1428
1425
1422
1419
1416
1413
1410
1407
1404
1401
1398
1395
1392
1389
1386
1383
1380
1377
1374
1371
1368
1365
1362
1359
1356
1353
1350
1347
1344
1341
1338
1335
1332
1329
1326
1323
1320
1317
1314
1311
1308
1305
1302
1299
1296
1293
1290
1287
1284
1281
1278
1275
1272
1269
1266
1263
1260
1257
1254
1251
1248
1245
1242
1239
1236
1233
1230
1227
1224
1221
1218
1215
1212
1209
1206
1203
1200
1197
1194
1191
1188
1185
1182
1179
1176
1173
1170
1167
1164
1161
1158
1155
1152
1149
1146
1143
1140
1137
1134
1131
1128
1125
1122
1119
1116
1113
1110
1107
1104
1101
1098
1095
1092
1089
1086
1083
1080
1077
1074
1071
1068
1065
1062
1059
1056
1053
1050
1047
1044
1041
1038
1035
1032
1029
1026
1023
1020
1017
1014
1011
1008
1005
1002
999
996
993
990
987
984
981
978
975
972
969
966
963
960
957
954
951
948
945
942
939
936
933
930
927
924
921
918
915
912
909
906
903
900
897
894
891
888
885
882
879
876
873
870
867
864
861
858
855
852
849
846
843
840
837
834
831
828
825
822
819
816
813
810
807
804
801
798
795
792
789
786
783
780
777
774
771
768
765
762
759
756
753
750
747
744
741
738
735
732
729
726
723
720
717
714
711
708
705
702
699
696
693
690
687
684
681
678
675
672
669
666
663
660
657
654
651
648
645
642
639
636
633
630
627
624
621
618
615
612
609
606
603
600
597
594
591
588
585
582
579
576
573
570
567
564
561
558
555
552
549
546
543
540
537
534
531
528
525
522
519
516
513
510
507
504
501
498
495
492
489
486
483
480
477
474
471
468
465
462
459
456
453
450
447
444
441
438
435
432
429
426
423
420
417
414
411
408
405
402
399
396
393
390
387
384
381
378
375
372
369
366
363
360
357
354
351
348
345
342
339
336
333
330
327
324
321
318
315
312
309
306
303
300
297
294
291
288
285
282
279
276
273
270
267
264
261
258
255
252
249
246
243
240
237
234
231
228
225
222
219
216
213
210
207
204
201
198
195
192
189
186
183
180
177
174
171
168
165
162
159
156
153
150
147
144
141
138
135
132
129
126
123
120
117
114
111
108
105
102
99
96
93
90
87
84
81
78
75
72
69
66
63
60
57
54
51
48
45
42
39
36
33
30
27
24
21
18
15
12
9
6
3
