100.0
99.8
99.6
99.4
99.2
99.0
98.8
98.6
98.4
98.2
98.0
97.8
97.6
97.4
97.2
97.0
96.8
96.6
96.4
96.2
96.0
95.8
95.6
95.4
95.2
95.0
94.8
94.6
94.4
94.2
94.0
93.8
93.6
93.4
93.2
93.0
92.8
92.6
92.4
92.2
92.0
91.8
91.6
91.4
91.2
91.0
90.8
90.6
90.4
90.2
90.0
89.8
89.6
89.4
89.2
89.0
88.8
88.6
88.4
88.2
88.0
87.8
87.6
87.4
87.2
87.0
86.8
86.6
86.4
86.2
86.0
85.8
85.6
85.4
85.2
85.0
84.8
84.6
84.4
84.2
84.0
83.8
83.6
83.4
83.2
83.0
82.8
82.6
82.4
82.2
82.0
81.8
81.6
81.4
81.2
81.0
80.8
80.6
80.4
80.2
80.0
79.8
79.6
79.4
79.2
79.0
78.8
78.6
78.4
78.2
78.0
77.8
77.6
77.4
77.2
77.0
76.8
76.6
76.4
76.2
76.0
75.8
75.6
75.4
75.2
75.0
74.8
74.6
74.4
74.2
74.0
73.8
73.6
73.4
73.2
73.0
72.8
72.6
72.4
72.2
72.0
71.8
71.6
71.4
71.2
71.0
70.8
70.6
70.4
70.2
70.0
69.8
69.6
69.4
69.2
69.0
68.8
68.6
68.4
68.2
68.0
67.8
67.6
67.4
67.2
67.0
66.8
66.6
66.4
66.2
66.0
65.8
65.6
65.4
65.2
65.0
64.8
64.6
64.4
64.2
64.0
63.8
63.6
63.4
63.2
63.0
62.8
62.6
62.4
62.2
62.0
61.8
61.6
61.4
61.2
61.0
60.8
60.6
60.4
60.2
60.0
59.8
59.6
59.4
59.2
59.0
58.8
58.6
58.4
58.2
58.0
57.8
57.6
57.4
57.2
57.0
56.8
56.6
56.4
56.2
56.0
55.8
55.6
55.4
55.2
55.0
54.8
54.6
54.4
54.2
54.0
53.8
53.6
53.4
53.2
53.0
52.8
52.6
52.4
52.2
52.0
51.8
51.6
51.4
51.2
51.0
50.8
50.6
50.4
50.2
50.0
49.8
49.6
49.4
49.2
49.0
48.8
48.6
48.4
48.2
48.0
47.8
47.6
47.4
47.2
47.0
46.8
46.6
46.4
46.2
46.0
45.8
45.6
45.4
45.2
45.0
44.8
44.6
44.4
44.2
44.0
43.8
43.6
43.4
43.2
43.0
42.8
42.6
42.4
42.2
42.0
41.8
41.6
41.4
41.2
41.0
40.8
40.6
40.4
40.2
40.0
39.8
39.6
39.4
39.2
39.0
38.8
38.6
38.4
38.2
38.0
37.8
37.6
37.4
37.2
37.0
36.8
36.6
36.4
36.2
36.0
35.8
35.6
35.4
35.2
35.0
34.8
34.6
34.4
34.2
34.0
33.8
33.6
33.4
33.2
33.0
32.8
32.6
32.4
32.2
32.0
31.8
31.6
31.4
31.2
31.0
30.8
30.6
30.4
30.2
30.0
29.8
29.6
29.4
29.2
29.0
28.8
28.6
28.4
28.2
28.0
27.8
27.6
27.4
27.2
27.0
26.8
26.6
26.4
26.2
26.0
25.8
25.6
25.4
25.2
25.0
24.8
24.6
24.4
24.2
24.0
23.8
23.6
23.4
23.2
23.0
22.8
22.6
22.4
22.2
22.0
21.8
21.6
21.4
21.2
21.0
20.8
20.6
20.4
20.2
20.0
19.8
19.6
19.4
19.2
19.0
18.8
18.6
18.4
18.2
18.0
17.8
17.6
17.4
17.2
17.0
16.8
16.6
16.4
16.2
16.0
15.8
15.6
15.4
15.2
15.0
14.8
14.6
14.4
14.2
14.0
13.8
13.6
13.4
13.2
13.0
12.8
12.6
12.4
12.2
12.0
11.8
11.6
11.4
11.2
11.0
10.8
10.6
10.4
10.2
10.0
9.8
9.6
9.4
9.2
9.0
8.8
8.6
8.4
8.2
8.0
7.8
7.6
7.4
7.2
7.0
6.8
6.6
6.4
6.2
6.0
5.8
5.6
5.4
5.2
5.0
4.8
4.6
4.4
4.2
4.0
3.8
3.6
3.4
3.2
3.0
2.8
2.6
2.4
2.2
2.0
1.8
1.6
1.4
1.2
1.0
0.8
0.6
0.4
0.2
100.0
99.8
99.6
99.4
99.2
99.0
98.8
98.6
98.4
98.2
98.0
97.8
97.6
97.4
97.2
97.0
96.8
96.6
96.4
96.2
96.0
95.8
95.6
95.4
95.2
95.0
94.8
94.6
94.4
94.2
94.0
93.8
93.6
93.4
93.2
93.0
92.8
92.6
92.4
92.2
92.0
91.8
91.6
91.4
91.2
91.0
90.8
90.6
90.4
90.2
90.0
89.8
89.6
89.4
89.2
89.0
88.8
88.6
88.4
88.2
88.0
87.8
87.6
87.4
87.2
87.0
86.8
86.6
86.4
86.2
86.0
85.8
85.6
85.4
85.2
85.0
84.8
84.6
84.4
84.2
84.0
83.8
83.6
83.4
83.2
83.0
82.8
82.6
82.4
82.2
82.0
81.8
81.6
81.4
81.2
81.0
80.8
80.6
80.4
80.2
80.0
79.8
79.6
79.4
79.2
79.0
78.8
78.6
78.4
78.2
78.0
77.8
77.6
77.4
77.2
77.0
76.8
76.6
76.4
76.2
76.0
75.8
75.6
75.4
75.2
75.0
74.8
74.6
74.4
74.2
74.0
73.8
73.6
73.4
73.2
73.0
72.8
72.6
72.4
72.2
72.0
71.8
71.6
71.4
71.2
71.0
70.8
70.6
70.4
70.2
70.0
69.8
69.6
69.4
69.2
69.0
68.8
68.6
68.4
68.2
68.0
67.8
67.6
67.4
67.2
67.0
66.8
66.6
66.4
66.2
66.0
65.8
65.6
65.4
65.2
65.0
64.8
64.6
64.4
64.2
64.0
63.8
63.6
63.4
63.2
63.0
62.8
62.6
62.4
62.2
62.0
61.8
61.6
61.4
61.2
61.0
60.8
60.6
60.4
60.2
60.0
59.8
59.6
59.4
59.2
59.0
58.8
58.6
58.4
58.2
58.0
57.8
57.6
57.4
57.2
57.0
56.8
56.6
56.4
56.2
56.0
55.8
55.6
55.4
55.2
55.0
54.8
54.6
54.4
54.2
54.0
53.8
53.6
53.4
53.2
53.0
52.8
52.6
52.4
52.2
52.0
51.8
51.6
51.4
51.2
51.0
50.8
50.6
50.4
50.2
50.0
49.8
49.6
49.4
49.2
49.0
48.8
48.6
48.4
48.2
48.0
47.8
47.6
47.4
47.2
47.0
46.8
46.6
46.4
46.2
46.0
45.8
45.6
45.4
45.2
45.0
44.8
44.6
44.4
44.2
44.0
43.8
43.6
43.4
43.2
43.0
42.8
42.6
42.4
42.2
42.0
41.8
41.6
41.4
41.2
41.0
40.8
40.6
40.4
40.2
40.0
39.8
39.6
39.4
39.2
39.0
38.8
38.6
38.4
38.2
38.0
37.8
37.6
37.4
37.2
37.0
36.8
36.6
36.4
36.2
36.0
35.8
35.6
35.4
35.2
35.0
34.8
34.6
34.4
34.2
34.0
33.8
33.6
33.4
33.2
33.0
32.8
32.6
32.4
32.2
32.0
31.8
31.6
31.4
31.2
31.0
30.8
30.6
30.4
30.2
30.0
29.8
29.6
29.4
29.2
29.0
28.8
28.6
28.4
28.2
28.0
27.8
27.6
27.4
27.2
27.0
26.8
26.6
26.4
26.2
26.0
25.8
25.6
25.4
25.2
25.0
24.8
24.6
24.4
24.2
24.0
23.8
23.6
23.4
23.2
23.0
22.8
22.6
22.4
22.2
22.0
21.8
21.6
21.4
21.2
21.0
20.8
20.6
20.4
20.2
20.0
19.8
19.6
19.4
19.2
19.0
18.8
18.6
18.4
18.2
18.0
17.8
17.6
17.4
17.2
17.0
16.8
16.6
16.4
16.2
16.0
15.8
15.6
15.4
15.2
15.0
14.8
14.6
14.4
14.2
14.0
13.8
13.6
13.4
13.2
13.0
12.8
12.6
12.4
12.2
12.0
11.8
11.6
11.4
11.2
11.0
10.8
10.6
10.4
10.2
10.0
9.8
9.6
9.4
9.2
9.0
8.8
8.6
8.4
8.2
8.0
7.8
7.6
7.4
7.2
7.0
6.8
6.6
6.4
6.2
6.0
5.8
5.6
5.4
5.2
5.0
4.8
4.6
4.4
4.2
4.0
3.8
3.6
3.4
3.2
3.0
2.8
2.6
2.4
2.2
2.0
1.8
1.6
1.4
1.2
1.0
0.8
0.6
0.4
0.2
100.0
99.8
99.6
99.4
99.2
99.0
98.8
98.6
98.4
98.2
98.0
97.8
97.6
97.4
97.2
97.0
96.8
96.6
96.4
96.2
96.0
95.8
95.6
95.4
95.2
95.0
94.8
94.6
94.4
94.2
94.0
93.8
93.6
93.4
93.2
93.0
92.8
92.6
92.4
92.2
92.0
91.8
91.6
91.4
91.2
91.0
90.8
90.6
90.4
90.2
90.0
89.8
89.6
89.4
89.2
89.0
88.8
88.6
88.4
88.2
88.0
87.8
87.6
87.4
87.2
87.0
86.8
86.6
86.4
86.2
86.0
85.8
85.6
85.4
85.2
85.0
84.8
84.6
84.4
84.2
84.0
83.8
83.6
83.4
83.2
83.0
82.8
82.6
82.4
82.2
82.0
81.8
81.6
81.4
81.2
81.0
80.8
80.6
80.4
80.2
80.0
79.8
79.6
79.4
79.2
79.0
78.8
78.6
78.4
78.2
78.0
77.8
77.6
77.4
77.2
77.0
76.8
76.6
76.4
76.2
76.0
75.8
75.6
75.4
75.2
75.0
74.8
74.6
74.4
74.2
74.0
73.8
73.6
73.4
73.2
73.0
72.8
72.6
72.4
72.2
72.0
71.8
71.6
71.4
71.2
71.0
70.8
70.6
70.4
70.2
70.0
69.8
69.6
69.4
69.2
69.0
68.8
68.6
68.4
68.2
68.0
67.8
67.6
67.4
67.2
67.0
66.8
66.6
66.4
66.2
66.0
65.8
65.6
65.4
65.2
65.0
64.8
64.6
64.4
64.2
64.0
63.8
63.6
63.4
63.2
63.0
62.8
62.6
62.4
62.2
62.0
61.8
61.6
61.4
61.2
61.0
60.8
60.6
60.4
60.2
60.0
59.8
59.6
59.4
59.2
59.0
58.8
58.6
58.4
58.2
58.0
57.8
57.6
57.4
57.2
57.0
56.8
56.6
56.4
56.2
56.0
55.8
55.6
55.4
55.2
55.0
54.8
54.6
54.4
54.2
54.0
53.8
53.6
53.4
53.2
53.0
52.8
52.6
52.4
52.2
52.0
51.8
51.6
51.4
51.2
51.0
50.8
50.6
50.4
50.2
50.0
49.8
49.6
49.4
49.2
49.0
48.8
48.6
48.4
48.2
48.0
47.8
47.6
47.4
47.2
47.0
46.8
46.6
46.4
46.2
46.0
45.8
45.6
45.4
45.2
45.0
44.8
44.6
44.4
44.2
44.0
43.8
43.6
43.4
43.2
43.0
42.8
42.6
42.4
42.2
42.0
41.8
41.6
41.4
41.2
41.0
40.8
40.6
40.4
40.2
40.0
39.8
39.6
39.4
39.2
39.0
38.8
38.6
38.4
38.2
38.0
37.8
37.6
37.4
37.2
37.0
36.8
36.6
36.4
36.2
36.0
35.8
35.6
35.4
35.2
35.0
34.8
34.6
34.4
34.2
34.0
33.8
33.6
33.4
33.2
33.0
32.8
32.6
32.4
32.2
32.0
31.8
31.6
31.4
31.2
31.0
30.8
30.6
30.4
30.2
30.0
29.8
29.6
29.4
29.2
29.0
28.8
28.6
28.4
28.2
28.0
27.8
27.6
27.4
27.2
27.0
26.8
26.6
26.4
26.2
26.0
25.8
25.6
25.4
25.2
25.0
24.8
24.6
24.4
24.2
24.0
23.8
23.6
23.4
23.2
23.0
22.8
22.6
22.4
22.2
22.0
21.8
21.6
21.4
21.2
21.0
20.8
20.6
20.4
20.2
20.0
19.8
19.6
19.4
19.2
19.0
18.8
18.6
18.4
18.2
18.0
17.8
17.6
17.4
17.2
17.0
16.8
16.6
16.4
16.2
16.0
15.8
15.6
15.4
15.2
15.0
14.8
14.6
14.4
14.2
14.0
13.8
13.6
13.4
13.2
13.0
12.8
12.6
12.4
12.2
12.0
11.8
11.6
11.4
11.2
11.0
10.8
10.6
10.4
10.2
10.0
9.8
9.6
9.4
9.2
9.0
8.8
8.6
8.4
8.2
8.0
7.8
7.6
7.4
7.2
7.0
6.8
6.6
6.4
6.2
6.0
5.8
5.6
5.4
5.2
5.0
4.8
4.6
4.4
4.2
4.0
3.8
3.6
3.4
3.2
3.0
2.8
2.6
2.4
2.2
2.0
1.8
1.6
1.4
1.2
1.0
0.8
0.6
0.4
0.2
100.0
99.8
99.6
99.4
99.2
99.0
98.8
98.6
98.4
98.2
98.0
97.8
97.6
97.4
97.2
97.0
96.8
96.6
96.4
96.2
96.0
95.8
95.6
95.4
95.2
95.0
94.8
94.6
94.4
94.2
94.0
93.8
93.6
93.4
93.2
93.0
92.8
92.6
92.4
92.2
92.0
91.8
91.6
91.4
91.2
91.0
90.8
90.6
90.4
90.2
90.0
89.8
89.6
89.4
89.2
89.0
88.8
88.6
88.4
88.2
88.0
87.8
87.6
87.4
87.2
87.0
86.8
86.6
86.4
86.2
86.0
85.8
85.6
85.4
85.2
85.0
84.8
84.6
84.4
84.2
84.0
83.8
83.6
83.4
83.2
83.0
82.8
82.6
82.4
82.2
82.0
81.8
81.6
81.4
81.2
81.0
80.8
80.6
80.4
80.2
80.0
79.8
79.6
79.4
79.2
79.0
78.8
78.6
78.4
78.2
78.0
77.8
77.6
77.4
77.2
77.0
76.8
76.6
76.4
76.2
76.0
75.8
75.6
75.4
75.2
75.0
74.8
74.6
74.4
74.2
74.0
73.8
73.6
73.4
73.2
73.0
72.8
72.6
72.4
72.2
72.0
71.8
71.6
71.4
71.2
71.0
70.8
70.6
70.4
70.2
70.0
69.8
69.6
69.4
69.2
69.0
68.8
68.6
68.4
68.2
68.0
67.8
67.6
67.4
67.2
67.0
66.8
66.6
66.4
66.2
66.0
65.8
65.6
65.4
65.2
65.0
64.8
64.6
64.4
64.2
64.0
63.8
63.6
63.4
63.2
63.0
62.8
62.6
62.4
62.2
62.0
61.8
61.6
61.4
61.2
61.0
60.8
60.6
60.4
60.2
60.0
59.8
59.6
59.4
59.2
59.0
58.8
58.6
58.4
58.2
58.0
57.8
57.6
57.4
57.2
57.0
56.8
56.6
56.4
56.2
56.0
55.8
55.6
55.4
55.2
55.0
54.8
54.6
54.4
54.2
54.0
53.8
53.6
53.4
53.2
53.0
52.8
52.6
52.4
52.2
52.0
51.8
51.6
51.4
51.2
51.0
50.8
50.6
50.4
50.2
50.0
49.8
49.6
49.4
49.2
49.0
48.8
48.6
48.4
48.2
48.0
47.8
47.6
47.4
47.2
47.0
46.8
46.6
46.4
46.2
46.0
45.8
45.6
45.4
45.2
45.0
44.8
44.6
44.4
44.2
44.0
43.8
43.6
43.4
43.2
43.0
42.8
42.6
42.4
42.2
42.0
41.8
41.6
41.4
41.2
41.0
40.8
40.6
40.4
40.2
40.0
39.8
39.6
39.4
39.2
39.0
38.8
38.6
38.4
38.2
38.0
37.8
37.6
37.4
37.2
37.0
36.8
36.6
36.4
36.2
36.0
35.8
35.6
35.4
35.2
35.0
34.8
34.6
34.4
34.2
34.0
33.8
33.6
33.4
33.2
33.0
32.8
32.6
32.4
32.2
32.0
31.8
31.6
31.4
31.2
31.0
30.8
30.6
30.4
30.2
30.0
29.8
29.6
29.4
29.2
29.0
28.8
28.6
28.4
28.2
28.0
27.8
27.6
27.4
27.2
27.0
26.8
26.6
26.4
26.2
26.0
25.8
25.6
25.4
25.2
25.0
24.8
24.6
24.4
24.2
24.0
23.8
23.6
23.4
23.2
23.0
22.8
22.6
22.4
22.2
22.0
21.8
21.6
21.4
21.2
21.0
20.8
20.6
20.4
20.2
20.0
19.8
19.6
19.4
19.2
19.0
18.8
18.6
18.4
18.2
18.0
17.8
17.6
17.4
17.2
17.0
16.8
16.6
16.4
16.2
16.0
15.8
15.6
15.4
15.2
15.0
14.8
14.6
14.4
14.2
14.0
13.8
13.6
13.4
13.2
13.0
12.8
12.6
12.4
12.2
12.0
11.8
11.6
11.4
11.2
11.0
10.8
10.6
10.4
10.2
10.0
9.8
9.6
9.4
9.2
9.0
8.8
8.6
8.4
8.2
8.0
7.8
7.6
7.4
7.2
7.0
6.8
6.6
6.4
6.2
6.0
5.8
5.6
5.4
5.2
5.0
4.8
4.6
4.4
4.2
4.0
3.8
3.6
3.4
3.2
3.0
2.8
2.6
2.4
2.2
2.0
1.8
1.6
1.4
1.2
1.0
0.8
0.6
0.4
0.2
100.0
99.8
99.6
99.4
99.2
99.0
98.8
98.6
98.4
98.2
98.0
97.8
97.6
97.4
97.2
97.0
96.8
96.6
96.4
96.2
96.0
95.8
95.6
95.4
95.2
95.0
94.8
94.6
94.4
94.2
94.0
93.8
93.6
93.4
93.2
93.0
92.8
92.6
92.4
92.2
92.0
91.8
91.6
91.4
91.2
91.0
90.8
90.6
90.4
90.2
90.0
89.8
89.6
89.4
89.2
89.0
88.8
88.6
88.4
88.2
88.0
87.8
87.6
87.4
87.2
87.0
86.8
86.6
86.4
86.2
86.0
85.8
85.6
85.4
85.2
85.0
84.8
84.6
84.4
84.2
84.0
83.8
83.6
83.4
83.2
83.0
82.8
82.6
82.4
82.2
82.0
81.8
81.6
81.4
81.2
81.0
80.8
80.6
80.4
80.2
80.0
79.8
79.6
79.4
79.2
79.0
78.8
78.6
78.4
78.2
78.0
77.8
77.6
77.4
77.2
77.0
76.8
76.6
76.4
76.2
76.0
75.8
75.6
75.4
75.2
75.0
74.8
74.6
74.4
74.2
74.0
73.8
73.6
73.4
73.2
73.0
72.8
72.6
72.4
72.2
72.0
71.8
71.6
71.4
71.2
71.0
70.8
70.6
70.4
70.2
70.0
69.8
69.6
69.4
69.2
69.0
68.8
68.6
68.4
68.2
68.0
67.8
67.6
67.4
67.2
67.0
66.8
66.6
66.4
66.2
66.0
65.8
65.6
65.4
65.2
65.0
64.8
64.6
64.4
64.2
64.0
63.8
63.6
63.4
63.2
63.0
62.8
62.6
62.4
62.2
62.0
61.8
61.6
61.4
61.2
61.0
60.8
60.6
60.4
60.2
60.0
59.8
59.6
59.4
59.2
59.0
58.8
58.6
58.4
58.2
58.0
57.8
57.6
57.4
57.2
57.0
56.8
56.6
56.4
56.2
56.0
55.8
55.6
55.4
55.2
55.0
54.8
54.6
54.4
54.2
54.0
53.8
53.6
53.4
53.2
53.0
52.8
52.6
52.4
52.2
52.0
51.8
51.6
51.4
51.2
51.0
50.8
50.6
50.4
50.2
50.0
49.8
49.6
49.4
49.2
49.0
48.8
48.6
48.4
48.2
48.0
47.8
47.6
47.4
47.2
47.0
46.8
46.6
46.4
46.2
46.0
45.8
45.6
45.4
45.2
45.0
44.8
44.6
44.4
44.2
44.0
43.8
43.6
43.4
43.2
43.0
42.8
42.6
42.4
42.2
42.0
41.8
41.6
41.4
41.2
41.0
40.8
40.6
40.4
40.2
40.0
39.8
39.6
39.4
39.2
39.0
38.8
38.6
38.4
38.2
38.0
37.8
37.6
37.4
37.2
37.0
36.8
36.6
36.4
36.2
36.0
35.8
35.6
35.4
35.2
35.0
34.8
34.6
34.4
34.2
34.0
33.8
33.6
33.4
33.2
33.0
32.8
32.6
32.4
32.2
32.0
31.8
31.6
31.4
31.2
31.0
30.8
30.6
30.4
30.2
30.0
29.8
29.6
29.4
29.2
29.0
28.8
28.6
28.4
28.2
28.0
27.8
27.6
27.4
27.2
27.0
26.8
26.6
26.4
26.2
26.0
25.8
25.6
25.4
25.2
25.0
24.8
24.6
24.4
24.2
24.0
23.8
23.6
23.4
23.2
23.0
22.8
22.6
22.4
22.2
22.0
21.8
21.6
21.4
21.2
21.0
20.8
20.6
20.4
20.2
20.0
19.8
19.6
19.4
19.2
19.0
18.8
18.6
18.4
18.2
18.0
17.8
17.6
17.4
17.2
17.0
16.8
16.6
16.4
16.2
16.0
15.8
15.6
15.4
15.2
15.0
14.8
14.6
14.4
14.2
14.0
13.8
13.6
13.4
13.2
13.0
12.8
12.6
12.4
12.2
12.0
11.8
11.6
11.4
11.2
11.0
10.8
10.6
10.4
10.2
10.0
9.8
9.6
9.4
9.2
9.0
8.8
8.6
8.4
8.2
8.0
7.8
7.6
7.4
7.2
7.0
6.8
6.6
6.4
6.2
6.0
5.8
5.6
5.4
5.2
5.0
4.8
4.6
4.4
4.2
4.0
3.8
3.6
3.4
3.2
3.0
2.8
2.6
2.4
2.2
2.0
1.8
1.6
1.4
1.2
1.0
0.8
0.6
0.4
0.2
100.0
99.8
99.6
99.4
99.2
99.0
98.8
98.6
98.4
98.2
98.0
97.8
97.6
97.4
97.2
97.0
96.8
96.6
96.4
96.2
96.0
95.8
95.6
95.4
95.2
95.0
94.8
94.6
94.4
94.2
94.0
93.8
93.6
93.4
93.2
93.0
92.8
92.6
92.4
92.2
92.0
91.8
91.6
91.4
91.2
91.0
90.8
90.6
90.4
90.2
90.0
89.8
89.6
89.4
89.2
89.0
88.8
88.6
88.4
88.2
88.0
87.8
87.6
87.4
87.2
87.0
86.8
86.6
86.4
86.2
86.0
85.8
85.6
85.4
85.2
85.0
84.8
84.6
84.4
84.2
84.0
83.8
83.6
83.4
83.2
83.0
82.8
82.6
82.4
82.2
82.0
81.8
81.6
81.4
81.2
81.0
80.8
80.6
80.4
80.2
80.0
79.8
79.6
79.4
79.2
79.0
78.8
78.6
78.4
78.2
78.0
77.8
77.6
77.4
77.2
77.0
76.8
76.6
76.4
76.2
76.0
75.8
75.6
75.4
75.2
75.0
74.8
74.6
74.4
74.2
74.0
73.8
73.6
73.4
73.2
73.0
72.8
72.6
72.4
72.2
72.0
71.8
71.6
71.4
71.2
71.0
70.8
70.6
70.4
70.2
70.0
69.8
69.6
69.4
69.2
69.0
68.8
68.6
68.4
68.2
68.0
67.8
67.6
67.4
67.2
67.0
66.8
66.6
66.4
66.2
66.0
65.8
65.6
65.4
65.2
65.0
64.8
64.6
64.4
64.2
64.0
63.8
63.6
63.4
63.2
63.0
62.8
62.6
62.4
62.2
62.0
61.8
61.6
61.4
61.2
61.0
60.8
60.6
60.4
60.2
60.0
59.8
59.6
59.4
59.2
59.0
58.8
58.6
58.4
58.2
58.0
57.8
57.6
57.4
57.2
57.0
56.8
56.6
56.4
56.2
56.0
55.8
55.6
55.4
55.2
55.0
54.8
54.6
54.4
54.2
54.0
53.8
53.6
53.4
53.2
53.0
52.8
52.6
52.4
52.2
52.0
51.8
51.6
51.4
51.2
51.0
50.8
50.6
50.4
50.2
50.0
49.8
49.6
49.4
49.2
49.0
48.8
48.6
48.4
48.2
48.0
47.8
47.6
47.4
47.2
47.0
46.8
46.6
46.4
46.2
46.0
45.8
45.6
45.4
45.2
45.0
44.8
44.6
44.4
44.2
44.0
43.8
43.6
43.4
43.2
43.0
42.8
42.6
42.4
42.2
42.0
41.8
41.6
41.4
41.2
41.0
40.8
40.6
40.4
40.2
40.0
39.8
39.6
39.4
39.2
39.0
38.8
38.6
38.4
38.2
38.0
37.8
37.6
37.4
37.2
37.0
36.8
36.6
36.4
36.2
36.0
35.8
35.6
35.4
35.2
35.0
34.8
34.6
34.4
34.2
34.0
33.8
33.6
33.4
33.2
33.0
32.8
32.6
32.4
32.2
32.0
31.8
31.6
31.4
31.2
31.0
30.8
30.6
30.4
30.2
30.0
29.8
29.6
29.4
29.2
29.0
28.8
28.6
28.4
28.2
28.0
27.8
27.6
27.4
27.2
27.0
26.8
26.6
26.4
26.2
26.0
25.8
25.6
25.4
25.2
25.0
24.8
24.6
24.4
24.2
24.0
23.8
23.6
23.4
23.2
23.0
22.8
22.6
22.4
22.2
22.0
21.8
21.6
21.4
21.2
21.0
20.8
20.6
20.4
20.2
20.0
19.8
19.6
19.4
19.2
19.0
18.8
18.6
18.4
18.2
18.0
17.8
17.6
17.4
17.2
17.0
16.8
16.6
16.4
16.2
16.0
15.8
15.6
15.4
15.2
15.0
14.8
14.6
14.4
14.2
14.0
13.8
13.6
13.4
13.2
13.0
12.8
12.6
12.4
12.2
12.0
11.8
11.6
11.4
11.2
11.0
10.8
10.6
10.4
10.2
10.0
9.8
9.6
9.4
9.2
9.0
8.8
8.6
8.4
8.2
8.0
7.8
7.6
7.4
7.2
7.0
6.8
6.6
6.4
6.2
6.0
5.8
5.6
5.4
5.2
5.0
4.8
4.6
4.4
4.2
4.0
3.8
3.6
3.4
3.2
3.0
2.8
2.6
2.4
2.2
2.0
1.8
1.6
1.4
1.2
1.0
0.8
0.6
0.4
0.2
100.0
99.8
99.6
99.4
99.2
99.0
98.8
98.6
98.4
98.2
98.0
97.8
97.6
97.4
97.2
97.0
96.8
96.6
96.4
96.2
96.0
95.8
95.6
95.4
95.2
95.0
94.8
94.6
94.4
94.2
94.0
93.8
93.6
93.4
93.2
93.0
92.8
92.6
92.4
92.2
92.0
91.8
91.6
91.4
91.2
91.0
90.8
90.6
90.4
90.2
90.0
89.8
89.6
89.4
89.2
89.0
88.8
88.6
88.4
88.2
88.0
87.8
87.6
87.4
87.2
87.0
86.8
86.6
86.4
86.2
86.0
85.8
85.6
85.4
85.2
85.0
84.8
84.6
84.4
84.2
84.0
83.8
83.6
83.4
83.2
83.0
82.8
82.6
82.4
82.2
82.0
81.8
81.6
81.4
81.2
81.0
80.8
80.6
80.4
80.2
80.0
79.8
79.6
79.4
79.2
79.0
78.8
78.6
78.4
78.2
78.0
77.8
77.6
77.4
77.2
77.0
76.8
76.6
76.4
76.2
76.0
75.8
75.6
75.4
75.2
75.0
74.8
74.6
74.4
74.2
74.0
73.8
73.6
73.4
73.2
73.0
72.8
72.6
72.4
72.2
72.0
71.8
71.6
71.4
71.2
71.0
70.8
70.6
70.4
70.2
70.0
69.8
69.6
69.4
69.2
69.0
68.8
68.6
68.4
68.2
68.0
67.8
67.6
67.4
67.2
67.0
66.8
66.6
66.4
66.2
66.0
65.8
65.6
65.4
65.2
65.0
64.8
64.6
64.4
64.2
64.0
63.8
63.6
63.4
63.2
63.0
62.8
62.6
62.4
62.2
62.0
61.8
61.6
61.4
61.2
61.0
60.8
60.6
60.4
60.2
60.0
59.8
59.6
59.4
59.2
59.0
58.8
58.6
58.4
58.2
58.0
57.8
57.6
57.4
57.2
57.0
56.8
56.6
56.4
56.2
56.0
55.8
55.6
55.4
55.2
55.0
54.8
54.6
54.4
54.2
54.0
53.8
53.6
53.4
53.2
53.0
52.8
52.6
52.4
52.2
52.0
51.8
51.6
51.4
51.2
51.0
50.8
50.6
50.4
50.2
50.0
49.8
49.6
49.4
49.2
49.0
48.8
48.6
48.4
48.2
48.0
47.8
47.6
47.4
47.2
47.0
46.8
46.6
46.4
46.2
46.0
45.8
45.6
45.4
45.2
45.0
44.8
44.6
44.4
44.2
44.0
43.8
43.6
43.4
43.2
43.0
42.8
42.6
42.4
42.2
42.0
41.8
41.6
41.4
41.2
41.0
40.8
40.6
40.4
40.2
40.0
39.8
39.6
39.4
39.2
39.0
38.8
38.6
38.4
38.2
38.0
37.8
37.6
37.4
37.2
37.0
36.8
36.6
36.4
36.2
36.0
35.8
35.6
35.4
35.2
35.0
34.8
34.6
34.4
34.2
34.0
33.8
33.6
33.4
33.2
33.0
32.8
32.6
32.4
32.2
32.0
31.8
31.6
31.4
31.2
31.0
30.8
30.6
30.4
30.2
30.0
29.8
29.6
29.4
29.2
29.0
28.8
28.6
28.4
28.2
28.0
27.8
27.6
27.4
27.2
27.0
26.8
26.6
26.4
26.2
26.0
25.8
25.6
25.4
25.2
25.0
24.8
24.6
24.4
24.2
24.0
23.8
23.6
23.4
23.2
23.0
22.8
22.6
22.4
22.2
22.0
21.8
21.6
21.4
21.2
21.0
20.8
20.6
20.4
20.2
20.0
19.8
19.6
19.4
19.2
19.0
18.8
18.6
18.4
18.2
18.0
17.8
17.6
17.4
17.2
17.0
16.8
16.6
16.4
16.2
16.0
15.8
15.6
15.4
15.2
15.0
14.8
14.6
14.4
14.2
14.0
13.8
13.6
13.4
13.2
13.0
12.8
12.6
12.4
12.2
12.0
11.8
11.6
11.4
11.2
11.0
10.8
10.6
10.4
10.2
10.0
9.8
9.6
9.4
9.2
9.0
8.8
8.6
8.4
8.2
8.0
7.8
7.6
7.4
7.2
7.0
6.8
6.6
6.4
6.2
6.0
5.8
5.6
5.4
5.2
5.0
4.8
4.6
4.4
4.2
4.0
3.8
3.6
3.4
3.2
3.0
2.8
2.6
2.4
2.2
2.0
1.8
1.6
1.4
1.2
1.0
0.8
0.6
0.4
0.2
100.0
99.8
99.6
99.4
99.2
99.0
98.8
98.6
98.4
98.2
98.0
97.8
97.6
97.4
97.2
97.0
96.8
96.6
96.4
96.2
96.0
95.8
95.6
95.4
95.2
95.0
94.8
94.6
94.4
94.2
94.0
93.8
93.6
93.4
93.2
93.0
92.8
92.6
92.4
92.2
92.0
91.8
91.6
91.4
91.2
91.0
90.8
90.6
90.4
90.2
90.0
89.8
89.6
89.4
89.2
89.0
88.8
88.6
88.4
88.2
88.0
87.8
87.6
87.4
87.2
87.0
86.8
86.6
86.4
86.2
86.0
85.8
85.6
85.4
85.2
85.0
84.8
84.6
84.4
84.2
84.0
83.8
83.6
83.4
83.2
83.0
82.8
82.6
82.4
82.2
82.0
81.8
81.6
81.4
81.2
81.0
80.8
80.6
80.4
80.2
80.0
79.8
79.6
79.4
79.2
79.0
78.8
78.6
78.4
78.2
78.0
77.8
77.6
77.4
77.2
77.0
76.8
76.6
76.4
76.2
76.0
75.8
75.6
75.4
75.2
75.0
74.8
74.6
74.4
74.2
74.0
73.8
73.6
73.4
73.2
73.0
72.8
72.6
72.4
72.2
72.0
71.8
71.6
71.4
71.2
71.0
70.8
70.6
70.4
70.2
70.0
69.8
69.6
69.4
69.2
69.0
68.8
68.6
68.4
68.2
68.0
67.8
67.6
67.4
67.2
67.0
66.8
66.6
66.4
66.2
66.0
65.8
65.6
65.4
65.2
65.0
64.8
64.6
64.4
64.2
64.0
63.8
63.6
63.4
63.2
63.0
62.8
62.6
62.4
62.2
62.0
61.8
61.6
61.4
61.2
61.0
60.8
60.6
60.4
60.2
60.0
59.8
59.6
59.4
59.2
59.0
58.8
58.6
58.4
58.2
58.0
57.8
57.6
57.4
57.2
57.0
56.8
56.6
56.4
56.2
56.0
55.8
55.6
55.4
55.2
55.0
54.8
54.6
54.4
54.2
54.0
53.8
53.6
53.4
53.2
53.0
52.8
52.6
52.4
52.2
52.0
51.8
51.6
51.4
51.2
51.0
50.8
50.6
50.4
50.2
50.0
49.8
49.6
49.4
49.2
49.0
48.8
48.6
48.4
48.2
48.0
47.8
47.6
47.4
47.2
47.0
46.8
46.6
46.4
46.2
46.0
45.8
45.6
45.4
45.2
45.0
44.8
44.6
44.4
44.2
44.0
43.8
43.6
43.4
43.2
43.0
42.8
42.6
42.4
42.2
42.0
41.8
41.6
41.4
41.2
41.0
40.8
40.6
40.4
40.2
40.0
39.8
39.6
39.4
39.2
39.0
38.8
38.6
38.4
38.2
38.0
37.8
37.6
37.4
37.2
37.0
36.8
36.6
36.4
36.2
36.0
35.8
35.6
35.4
35.2
35.0
34.8
34.6
34.4
34.2
34.0
33.8
33.6
33.4
33.2
33.0
32.8
32.6
32.4
32.2
32.0
31.8
31.6
31.4
31.2
31.0
30.8
30.6
30.4
30.2
30.0
29.8
29.6
29.4
29.2
29.0
28.8
28.6
28.4
28.2
28.0
27.8
27.6
27.4
27.2
27.0
26.8
26.6
26.4
26.2
26.0
25.8
25.6
25.4
25.2
25.0
24.8
24.6
24.4
24.2
24.0
23.8
23.6
23.4
23.2
23.0
22.8
22.6
22.4
22.2
22.0
21.8
21.6
21.4
21.2
21.0
20.8
20.6
20.4
20.2
20.0
19.8
19.6
19.4
19.2
19.0
18.8
18.6
18.4
18.2
18.0
17.8
17.6
17.4
17.2
17.0
16.8
16.6
16.4
16.2
16.0
15.8
15.6
15.4
15.2
15.0
14.8
14.6
14.4
14.2
14.0
13.8
13.6
13.4
13.2
13.0
12.8
12.6
12.4
12.2
12.0
11.8
11.6
11.4
11.2
11.0
10.8
10.6
10.4
10.2
10.0
9.8
9.6
9.4
9.2
9.0
8.8
8.6
8.4
8.2
8.0
7.8
7.6
7.4
7.2
7.0
6.8
6.6
6.4
6.2
6.0
5.8
5.6
5.4
5.2
5.0
4.8
4.6
4.4
4.2
4.0
3.8
3.6
3.4
3.2
3.0
2.8
2.6
2.4
2.2
2.0
1.8
1.6
1.4
1.2
1.0
0.8
0.6
0.4
0.2
100.0
99.8
99.6
99.4
99.2
99.0
98.8
98.6
98.4
98.2
98.0
97.8
97.6
97.4
97.2
97.0
96.8
96.6
96.4
96.2
96.0
95.8
95.6
95.4
95.2
95.0
94.8
94.6
94.4
94.2
94.0
93.8
93.6
93.4
93.2
93.0
92.8
92.6
92.4
92.2
92.0
91.8
91.6
91.4
91.2
91.0
90.8
90.6
90.4
90.2
90.0
89.8
89.6
89.4
89.2
89.0
88.8
88.6
88.4
88.2
88.0
87.8
87.6
87.4
87.2
87.0
86.8
86.6
86.4
86.2
86.0
85.8
85.6
85.4
85.2
85.0
84.8
84.6
84.4
84.2
84.0
83.8
83.6
83.4
83.2
83.0
82.8
82.6
82.4
82.2
82.0
81.8
81.6
81.4
81.2
81.0
80.8
80.6
80.4
80.2
80.0
79.8
79.6
79.4
79.2
79.0
78.8
78.6
78.4
78.2
78.0
77.8
77.6
77.4
77.2
77.0
76.8
76.6
76.4
76.2
76.0
75.8
75.6
75.4
75.2
75.0
74.8
74.6
74.4
74.2
74.0
73.8
73.6
73.4
73.2
73.0
72.8
72.6
72.4
72.2
72.0
71.8
71.6
71.4
71.2
71.0
70.8
70.6
70.4
70.2
70.0
69.8
69.6
69.4
69.2
69.0
68.8
68.6
68.4
68.2
68.0
67.8
67.6
67.4
67.2
67.0
66.8
66.6
66.4
66.2
66.0
65.8
65.6
65.4
65.2
65.0
64.8
64.6
64.4
64.2
64.0
63.8
63.6
63.4
63.2
63.0
62.8
62.6
62.4
62.2
62.0
61.8
61.6
61.4
61.2
61.0
60.8
60.6
60.4
60.2
60.0
59.8
59.6
59.4
59.2
59.0
58.8
58.6
58.4
58.2
58.0
57.8
57.6
57.4
57.2
57.0
56.8
56.6
56.4
56.2
56.0
55.8
55.6
55.4
55.2
55.0
54.8
54.6
54.4
54.2
54.0
53.8
53.6
53.4
53.2
53.0
52.8
52.6
52.4
52.2
52.0
51.8
51.6
51.4
51.2
51.0
50.8
50.6
50.4
50.2
50.0
49.8
49.6
49.4
49.2
49.0
48.8
48.6
48.4
48.2
48.0
47.8
47.6
47.4
47.2
47.0
46.8
46.6
46.4
46.2
46.0
45.8
45.6
45.4
45.2
45.0
44.8
44.6
44.4
44.2
44.0
43.8
43.6
43.4
43.2
43.0
42.8
42.6
42.4
42.2
42.0
41.8
41.6
41.4
41.2
41.0
40.8
40.6
40.4
40.2
40.0
39.8
39.6
39.4
39.2
39.0
38.8
38.6
38.4
38.2
38.0
37.8
37.6
37.4
37.2
37.0
36.8
36.6
36.4
36.2
36.0
35.8
35.6
35.4
35.2
35.0
34.8
34.6
34.4
34.2
34.0
33.8
33.6
33.4
33.2
33.0
32.8
32.6
32.4
32.2
32.0
31.8
31.6
31.4
31.2
31.0
30.8
30.6
30.4
30.2
30.0
29.8
29.6
29.4
29.2
29.0
28.8
28.6
28.4
28.2
28.0
27.8
27.6
27.4
27.2
27.0
26.8
26.6
26.4
26.2
26.0
25.8
25.6
25.4
25.2
25.0
24.8
24.6
24.4
24.2
24.0
23.8
23.6
23.4
23.2
23.0
22.8
22.6
22.4
22.2
22.0
21.8
21.6
21.4
21.2
21.0
20.8
20.6
20.4
20.2
20.0
19.8
19.6
19.4
19.2
19.0
18.8
18.6
18.4
18.2
18.0
17.8
17.6
17.4
17.2
17.0
16.8
16.6
16.4
16.2
16.0
15.8
15.6
15.4
15.2
15.0
14.8
14.6
14.4
14.2
14.0
13.8
13.6
13.4
13.2
13.0
12.8
12.6
12.4
12.2
12.0
11.8
11.6
11.4
11.2
11.0
10.8
10.6
10.4
10.2
10.0
9.8
9.6
9.4
9.2
9.0
8.8
8.6
8.4
8.2
8.0
7.8
7.6
7.4
7.2
7.0
6.8
6.6
6.4
6.2
6.0
5.8
5.6
5.4
5.2
5.0
4.8
4.6
4.4
4.2
4.0
3.8
3.6
3.4
3.2
3.0
2.8
2.6
2.4
2.2
2.0
1.8
1.6
1.4
1.2
1.0
0.8
0.6
0.4
0.2
100.0
99.8
99.6
99.4
99.2
99.0
98.8
98.6
98.4
98.2
98.0
97.8
97.6
97.4
97.2
97.0
96.8
96.6
96.4
96.2
96.0
95.8
95.6
95.4
95.2
95.0
94.8
94.6
94.4
94.2
94.0
93.8
93.6
93.4
93.2
93.0
92.8
92.6
92.4
92.2
92.0
91.8
91.6
91.4
91.2
91.0
90.8
90.6
90.4
90.2
90.0
89.8
89.6
89.4
89.2
89.0
88.8
88.6
88.4
88.2
88.0
87.8
87.6
87.4
87.2
87.0
86.8
86.6
86.4
86.2
86.0
85.8
85.6
85.4
85.2
85.0
84.8
84.6
84.4
84.2
84.0
83.8
83.6
83.4
83.2
83.0
82.8
82.6
82.4
82.2
82.0
81.8
81.6
81.4
81.2
81.0
80.8
80.6
80.4
80.2
80.0
79.8
79.6
79.4
79.2
79.0
78.8
78.6
78.4
78.2
78.0
77.8
77.6
77.4
77.2
77.0
76.8
76.6
76.4
76.2
76.0
75.8
75.6
75.4
75.2
75.0
74.8
74.6
74.4
74.2
74.0
73.8
73.6
73.4
73.2
73.0
72.8
72.6
72.4
72.2
72.0
71.8
71.6
71.4
71.2
71.0
70.8
70.6
70.4
70.2
70.0
69.8
69.6
69.4
69.2
69.0
68.8
68.6
68.4
68.2
68.0
67.8
67.6
67.4
67.2
67.0
66.8
66.6
66.4
66.2
66.0
65.8
65.6
65.4
65.2
65.0
64.8
64.6
64.4
64.2
64.0
63.8
63.6
63.4
63.2
63.0
62.8
62.6
62.4
62.2
62.0
61.8
61.6
61.4
61.2
61.0
60.8
60.6
60.4
60.2
60.0
59.8
59.6
59.4
59.2
59.0
58.8
58.6
58.4
58.2
58.0
57.8
57.6
57.4
57.2
57.0
56.8
56.6
56.4
56.2
56.0
55.8
55.6
55.4
55.2
55.0
54.8
54.6
54.4
54.2
54.0
53.8
53.6
53.4
53.2
53.0
52.8
52.6
52.4
52.2
52.0
51.8
51.6
51.4
51.2
51.0
50.8
50.6
50.4
50.2
50.0
49.8
49.6
49.4
49.2
49.0
48.8
48.6
48.4
48.2
48.0
47.8
47.6
47.4
47.2
47.0
46.8
46.6
46.4
46.2
46.0
45.8
45.6
45.4
45.2
45.0
44.8
44.6
44.4
44.2
44.0
43.8
43.6
43.4
43.2
43.0
42.8
42.6
42.4
42.2
42.0
41.8
41.6
41.4
41.2
41.0
40.8
40.6
40.4
40.2
40.0
39.8
39.6
39.4
39.2
39.0
38.8
38.6
38.4
38.2
38.0
37.8
37.6
37.4
37.2
37.0
36.8
36.6
36.4
36.2
36.0
35.8
35.6
35.4
35.2
35.0
34.8
34.6
34.4
34.2
34.0
33.8
33.6
33.4
33.2
33.0
32.8
32.6
32.4
32.2
32.0
31.8
31.6
31.4
31.2
31.0
30.8
30.6
30.4
30.2
30.0
29.8
29.6
29.4
29.2
29.0
28.8
28.6
28.4
28.2
28.0
27.8
27.6
27.4
27.2
27.0
26.8
26.6
26.4
26.2
26.0
25.8
25.6
25.4
25.2
25.0
24.8
24.6
24.4
24.2
24.0
23.8
23.6
23.4
23.2
23.0
22.8
22.6
22.4
22.2
22.0
21.8
21.6
21.4
21.2
21.0
20.8
20.6
20.4
20.2
20.0
19.8
19.6
19.4
19.2
19.0
18.8
18.6
18.4
18.2
18.0
17.8
17.6
17.4
17.2
17.0
16.8
16.6
16.4
16.2
16.0
15.8
15.6
15.4
15.2
15.0
14.8
14.6
14.4
14.2
14.0
13.8
13.6
13.4
13.2
13.0
12.8
12.6
12.4
12.2
12.0
11.8
11.6
11.4
11.2
11.0
10.8
10.6
10.4
10.2
10.0
9.8
9.6
9.4
9.2
9.0
8.8
8.6
8.4
8.2
8.0
7.8
7.6
7.4
7.2
7.0
6.8
6.6
6.4
6.2
6.0
5.8
5.6
5.4
5.2
5.0
4.8
4.6
4.4
4.2
4.0
3.8
3.6
3.4
3.2
3.0
2.8
2.6
2.4
2.2
2.0
1.8
1.6
1.4
1.2
1.0
0.8
0.6
0.4
0.2
100.0
99.8
99.6
99.4
99.2
99.0
98.8
98.6
98.4
98.2
98.0
97.8
97.6
97.4
97.2
97.0
96.8
96.6
96.4
96.2
96.0
95.8
95.6
95.4
95.2
95.0
94.8
94.6
94.4
94.2
94.0
93.8
93.6
93.4
93.2
93.0
92.8
92.6
92.4
92.2
92.0
91.8
91.6
91.4
91.2
91.0
90.8
90.6
90.4
90.2
90.0
89.8
89.6
89.4
89.2
89.0
88.8
88.6
88.4
88.2
88.0
87.8
87.6
87.4
87.2
87.0
86.8
86.6
86.4
86.2
86.0
85.8
85.6
85.4
85.2
85.0
84.8
84.6
84.4
84.2
84.0
83.8
83.6
83.4
83.2
83.0
82.8
82.6
82.4
82.2
82.0
81.8
81.6
81.4
81.2
81.0
80.8
80.6
80.4
80.2
80.0
79.8
79.6
79.4
79.2
79.0
78.8
78.6
78.4
78.2
78.0
77.8
77.6
77.4
77.2
77.0
76.8
76.6
76.4
76.2
76.0
75.8
75.6
75.4
75.2
75.0
74.8
74.6
74.4
74.2
74.0
73.8
73.6
73.4
73.2
73.0
72.8
72.6
72.4
72.2
72.0
71.8
71.6
71.4
71.2
71.0
70.8
70.6
70.4
70.2
70.0
69.8
69.6
69.4
69.2
69.0
68.8
68.6
68.4
68.2
68.0
67.8
67.6
67.4
67.2
67.0
66.8
66.6
66.4
66.2
66.0
65.8
65.6
65.4
65.2
65.0
64.8
64.6
64.4
64.2
64.0
63.8
63.6
63.4
63.2
63.0
62.8
62.6
62.4
62.2
62.0
61.8
61.6
61.4
61.2
61.0
60.8
60.6
60.4
60.2
60.0
59.8
59.6
59.4
59.2
59.0
58.8
58.6
58.4
58.2
58.0
57.8
57.6
57.4
57.2
57.0
56.8
56.6
56.4
56.2
56.0
55.8
55.6
55.4
55.2
55.0
54.8
54.6
54.4
54.2
54.0
53.8
53.6
53.4
53.2
53.0
52.8
52.6
52.4
52.2
52.0
51.8
51.6
51.4
51.2
51.0
50.8
50.6
50.4
50.2
50.0
49.8
49.6
49.4
49.2
49.0
48.8
48.6
48.4
48.2
48.0
47.8
47.6
47.4
47.2
47.0
46.8
46.6
46.4
46.2
46.0
45.8
45.6
45.4
45.2
45.0
44.8
44.6
44.4
44.2
44.0
43.8
43.6
43.4
43.2
43.0
42.8
42.6
42.4
42.2
42.0
41.8
41.6
41.4
41.2
41.0
40.8
40.6
40.4
40.2
40.0
39.8
39.6
39.4
39.2
39.0
38.8
38.6
38.4
38.2
38.0
37.8
37.6
37.4
37.2
37.0
36.8
36.6
36.4
36.2
36.0
35.8
35.6
35.4
35.2
35.0
34.8
34.6
34.4
34.2
34.0
33.8
33.6
33.4
33.2
33.0
32.8
32.6
32.4
32.2
32.0
31.8
31.6
31.4
31.2
31.0
30.8
30.6
30.4
30.2
30.0
29.8
29.6
29.4
29.2
29.0
28.8
28.6
28.4
28.2
28.0
27.8
27.6
27.4
27.2
27.0
26.8
26.6
26.4
26.2
26.0
25.8
25.6
25.4
25.2
25.0
24.8
24.6
24.4
24.2
24.0
23.8
23.6
23.4
23.2
23.0
22.8
22.6
22.4
22.2
22.0
21.8
21.6
21.4
21.2
21.0
20.8
20.6
20.4
20.2
20.0
19.8
19.6
19.4
19.2
19.0
18.8
18.6
18.4
18.2
18.0
17.8
17.6
17.4
17.2
17.0
16.8
16.6
16.4
16.2
16.0
15.8
15.6
15.4
15.2
15.0
14.8
14.6
14.4
14.2
14.0
13.8
13.6
13.4
13.2
13.0
12.8
12.6
12.4
12.2
12.0
11.8
11.6
11.4
11.2
11.0
10.8
10.6
10.4
10.2
10.0
9.8
9.6
9.4
9.2
9.0
8.8
8.6
8.4
8.2
8.0
7.8
7.6
7.4
7.2
7.0
6.8
6.6
6.4
6.2
6.0
5.8
5.6
5.4
5.2
5.0
4.8
4.6
4.4
4.2
4.0
3.8
3.6
3.4
3.2
3.0
2.8
2.6
2.4
2.2
2.0
1.8
1.6
1.4
1.2
1.0
0.8
0.6
0.4
0.2
100.0
99.8
99.6
99.4
99.2
99.0
98.8
98.6
98.4
98.2
98.0
97.8
97.6
97.4
97.2
97.0
96.8
96.6
96.4
96.2
96.0
95.8
95.6
95.4
95.2
95.0
94.8
94.6
94.4
94.2
94.0
93.8
93.6
93.4
93.2
93.0
92.8
92.6
92.4
92.2
92.0
91.8
91.6
91.4
91.2
91.0
90.8
90.6
90.4
90.2
90.0
89.8
89.6
89.4
89.2
89.0
88.8
88.6
88.4
88.2
88.0
87.8
87.6
87.4
87.2
87.0
86.8
86.6
86.4
86.2
86.0
85.8
85.6
85.4
85.2
85.0
84.8
84.6
84.4
84.2
84.0
83.8
83.6
83.4
83.2
83.0
82.8
82.6
82.4
82.2
82.0
81.8
81.6
81.4
81.2
81.0
80.8
80.6
80.4
80.2
80.0
79.8
79.6
79.4
79.2
79.0
78.8
78.6
78.4
78.2
78.0
77.8
77.6
77.4
77.2
77.0
76.8
76.6
76.4
76.2
76.0
75.8
75.6
75.4
75.2
75.0
74.8
74.6
74.4
74.2
74.0
73.8
73.6
73.4
73.2
73.0
72.8
72.6
72.4
72.2
72.0
71.8
71.6
71.4
71.2
71.0
70.8
70.6
70.4
70.2
70.0
69.8
69.6
69.4
69.2
69.0
68.8
68.6
68.4
68.2
68.0
67.8
67.6
67.4
67.2
67.0
66.8
66.6
66.4
66.2
66.0
65.8
65.6
65.4
65.2
65.0
64.8
64.6
64.4
64.2
64.0
63.8
63.6
63.4
63.2
63.0
62.8
62.6
62.4
62.2
62.0
61.8
61.6
61.4
61.2
61.0
60.8
60.6
60.4
60.2
60.0
59.8
59.6
59.4
59.2
59.0
58.8
58.6
58.4
58.2
58.0
57.8
57.6
57.4
57.2
57.0
56.8
56.6
56.4
56.2
56.0
55.8
55.6
55.4
55.2
55.0
54.8
54.6
54.4
54.2
54.0
53.8
53.6
53.4
53.2
53.0
52.8
52.6
52.4
52.2
52.0
51.8
51.6
51.4
51.2
51.0
50.8
50.6
50.4
50.2
50.0
49.8
49.6
49.4
49.2
49.0
48.8
48.6
48.4
48.2
48.0
47.8
47.6
47.4
47.2
47.0
46.8
46.6
46.4
46.2
46.0
45.8
45.6
45.4
45.2
45.0
44.8
44.6
44.4
44.2
44.0
43.8
43.6
43.4
43.2
43.0
42.8
42.6
42.4
42.2
42.0
41.8
41.6
41.4
41.2
41.0
40.8
40.6
40.4
40.2
40.0
39.8
39.6
39.4
39.2
39.0
38.8
38.6
38.4
38.2
38.0
37.8
37.6
37.4
37.2
37.0
36.8
36.6
36.4
36.2
36.0
35.8
35.6
35.4
35.2
35.0
34.8
34.6
34.4
34.2
34.0
33.8
33.6
33.4
33.2
33.0
32.8
32.6
32.4
32.2
32.0
31.8
31.6
31.4
31.2
31.0
30.8
30.6
30.4
30.2
30.0
29.8
29.6
29.4
29.2
29.0
28.8
28.6
28.4
28.2
28.0
27.8
27.6
27.4
27.2
27.0
26.8
26.6
26.4
26.2
26.0
25.8
25.6
25.4
25.2
25.0
24.8
24.6
24.4
24.2
24.0
23.8
23.6
23.4
23.2
23.0
22.8
22.6
22.4
22.2
22.0
21.8
21.6
21.4
21.2
21.0
20.8
20.6
20.4
20.2
20.0
19.8
19.6
19.4
19.2
19.0
18.8
18.6
18.4
18.2
18.0
17.8
17.6
17.4
17.2
17.0
16.8
16.6
16.4
16.2
16.0
15.8
15.6
15.4
15.2
15.0
14.8
14.6
14.4
14.2
14.0
13.8
13.6
13.4
13.2
13.0
12.8
12.6
12.4
12.2
12.0
11.8
11.6
11.4
11.2
11.0
10.8
10.6
10.4
10.2
10.0
9.8
9.6
9.4
9.2
9.0
8.8
8.6
8.4
8.2
8.0
7.8
7.6
7.4
7.2
7.0
6.8
6.6
6.4
6.2
6.0
5.8
5.6
5.4
5.2
5.0
4.8
4.6
4.4
4.2
4.0
3.8
3.6
3.4
3.2
3.0
2.8
2.6
2.4
2.2
2.0
1.8
1.6
1.4
1.2
1.0
0.8
0.6
0.4
0.2
100.0
99.8
99.6
99.4
99.2
99.0
98.8
98.6
98.4
98.2
98.0
97.8
97.6
97.4
97.2
97.0
96.8
96.6
96.4
96.2
96.0
95.8
95.6
95.4
95.2
95.0
94.8
94.6
94.4
94.2
94.0
93.8
93.6
93.4
93.2
93.0
92.8
92.6
92.4
92.2
92.0
91.8
91.6
91.4
91.2
91.0
90.8
90.6
90.4
90.2
90.0
89.8
89.6
89.4
89.2
89.0
88.8
88.6
88.4
88.2
88.0
87.8
87.6
87.4
87.2
87.0
86.8
86.6
86.4
86.2
86.0
85.8
85.6
85.4
85.2
85.0
84.8
84.6
84.4
84.2
84.0
83.8
83.6
83.4
83.2
83.0
82.8
82.6
82.4
82.2
82.0
81.8
81.6
81.4
81.2
81.0
80.8
80.6
80.4
80.2
80.0
79.8
79.6
79.4
79.2
79.0
78.8
78.6
78.4
78.2
78.0
77.8
77.6
77.4
77.2
77.0
76.8
76.6
76.4
76.2
76.0
75.8
75.6
75.4
75.2
75.0
74.8
74.6
74.4
74.2
74.0
73.8
73.6
73.4
73.2
73.0
72.8
72.6
72.4
72.2
72.0
71.8
71.6
71.4
71.2
71.0
70.8
70.6
70.4
70.2
70.0
69.8
69.6
69.4
69.2
69.0
68.8
68.6
68.4
68.2
68.0
67.8
67.6
67.4
67.2
67.0
66.8
66.6
66.4
66.2
66.0
65.8
65.6
65.4
65.2
65.0
64.8
64.6
64.4
64.2
64.0
63.8
63.6
63.4
63.2
63.0
62.8
62.6
62.4
62.2
62.0
61.8
61.6
61.4
61.2
61.0
60.8
60.6
60.4
60.2
60.0
59.8
59.6
59.4
59.2
59.0
58.8
58.6
58.4
58.2
58.0
57.8
57.6
57.4
57.2
57.0
56.8
56.6
56.4
56.2
56.0
55.8
55.6
55.4
55.2
55.0
54.8
54.6
54.4
54.2
54.0
53.8
53.6
53.4
53.2
53.0
52.8
52.6
52.4
52.2
52.0
51.8
51.6
51.4
51.2
51.0
50.8
50.6
50.4
50.2
50.0
49.8
49.6
49.4
49.2
49.0
48.8
48.6
48.4
48.2
48.0
47.8
47.6
47.4
47.2
47.0
46.8
46.6
46.4
46.2
46.0
45.8
45.6
45.4
45.2
45.0
44.8
44.6
44.4
44.2
44.0
43.8
43.6
43.4
43.2
43.0
42.8
42.6
42.4
42.2
42.0
41.8
41.6
41.4
41.2
41.0
40.8
40.6
40.4
40.2
40.0
39.8
39.6
39.4
39.2
39.0
38.8
38.6
38.4
38.2
38.0
37.8
37.6
37.4
37.2
37.0
36.8
36.6
36.4
36.2
36.0
35.8
35.6
35.4
35.2
35.0
34.8
34.6
34.4
34.2
34.0
33.8
33.6
33.4
33.2
33.0
32.8
32.6
32.4
32.2
32.0
31.8
31.6
31.4
31.2
31.0
30.8
30.6
30.4
30.2
30.0
29.8
29.6
29.4
29.2
29.0
28.8
28.6
28.4
28.2
28.0
27.8
27.6
27.4
27.2
27.0
26.8
26.6
26.4
26.2
26.0
25.8
25.6
25.4
25.2
25.0
24.8
24.6
24.4
24.2
24.0
23.8
23.6
23.4
23.2
23.0
22.8
22.6
22.4
22.2
22.0
21.8
21.6
21.4
21.2
21.0
20.8
20.6
20.4
20.2
20.0
19.8
19.6
19.4
19.2
19.0
18.8
18.6
18.4
18.2
18.0
17.8
17.6
17.4
17.2
17.0
16.8
16.6
16.4
16.2
16.0
15.8
15.6
15.4
15.2
15.0
14.8
14.6
14.4
14.2
14.0
13.8
13.6
13.4
13.2
13.0
12.8
12.6
12.4
12.2
12.0
11.8
11.6
11.4
11.2
11.0
10.8
10.6
10.4
10.2
10.0
9.8
9.6
9.4
9.2
9.0
8.8
8.6
8.4
8.2
8.0
7.8
7.6
7.4
7.2
7.0
6.8
6.6
6.4
6.2
6.0
5.8
5.6
5.4
5.2
5.0
4.8
4.6
4.4
4.2
4.0
3.8
3.6
3.4
3.2
3.0
2.8
2.6
2.4
2.2
2.0
1.8
1.6
1.4
1.2
1.0
0.8
0.6
0.4
0.2
100.0
99.8
99.6
99.4
99.2
99.0
98.8
98.6
98.4
98.2
98.0
97.8
97.6
97.4
97.2
97.0
96.8
96.6
96.4
96.2
96.0
95.8
95.6
95.4
95.2
95.0
94.8
94.6
94.4
94.2
94.0
93.8
93.6
93.4
93.2
93.0
92.8
92.6
92.4
92.2
92.0
91.8
91.6
91.4
91.2
91.0
90.8
90.6
90.4
90.2
90.0
89.8
89.6
89.4
89.2
89.0
88.8
88.6
88.4
88.2
88.0
87.8
87.6
87.4
87.2
87.0
86.8
86.6
86.4
86.2
86.0
85.8
85.6
85.4
85.2
85.0
84.8
84.6
84.4
84.2
84.0
83.8
83.6
83.4
83.2
83.0
82.8
82.6
82.4
82.2
82.0
81.8
81.6
81.4
81.2
81.0
80.8
80.6
80.4
80.2
80.0
79.8
79.6
79.4
79.2
79.0
78.8
78.6
78.4
78.2
78.0
77.8
77.6
77.4
77.2
77.0
76.8
76.6
76.4
76.2
76.0
75.8
75.6
75.4
75.2
75.0
74.8
74.6
74.4
74.2
74.0
73.8
73.6
73.4
73.2
73.0
72.8
72.6
72.4
72.2
72.0
71.8
71.6
71.4
71.2
71.0
70.8
70.6
70.4
70.2
70.0
69.8
69.6
69.4
69.2
69.0
68.8
68.6
68.4
68.2
68.0
67.8
67.6
67.4
67.2
67.0
66.8
66.6
66.4
66.2
66.0
65.8
65.6
65.4
65.2
65.0
64.8
64.6
64.4
64.2
64.0
63.8
63.6
63.4
63.2
63.0
62.8
62.6
62.4
62.2
62.0
61.8
61.6
61.4
61.2
61.0
60.8
60.6
60.4
60.2
60.0
59.8
59.6
59.4
59.2
59.0
58.8
58.6
58.4
58.2
58.0
57.8
57.6
57.4
57.2
57.0
56.8
56.6
56.4
56.2
56.0
55.8
55.6
55.4
55.2
55.0
54.8
54.6
54.4
54.2
54.0
53.8
53.6
53.4
53.2
53.0
52.8
52.6
52.4
52.2
52.0
51.8
51.6
51.4
51.2
51.0
50.8
50.6
50.4
50.2
50.0
49.8
49.6
49.4
49.2
49.0
48.8
48.6
48.4
48.2
48.0
47.8
47.6
47.4
47.2
47.0
46.8
46.6
46.4
46.2
46.0
45.8
45.6
45.4
45.2
45.0
44.8
44.6
44.4
44.2
44.0
43.8
43.6
43.4
43.2
43.0
42.8
42.6
42.4
42.2
42.0
41.8
41.6
41.4
41.2
41.0
40.8
40.6
40.4
40.2
40.0
39.8
39.6
39.4
39.2
39.0
38.8
38.6
38.4
38.2
38.0
37.8
37.6
37.4
37.2
37.0
36.8
36.6
36.4
36.2
36.0
35.8
35.6
35.4
35.2
35.0
34.8
34.6
34.4
34.2
34.0
33.8
33.6
33.4
33.2
33.0
32.8
32.6
32.4
32.2
32.0
31.8
31.6
31.4
31.2
31.0
30.8
30.6
30.4
30.2
30.0
29.8
29.6
29.4
29.2
29.0
28.8
28.6
28.4
28.2
28.0
27.8
27.6
27.4
27.2
27.0
26.8
26.6
26.4
26.2
26.0
25.8
25.6
25.4
25.2
25.0
24.8
24.6
24.4
24.2
24.0
23.8
23.6
23.4
23.2
23.0
22.8
22.6
22.4
22.2
22.0
21.8
21.6
21.4
21.2
21.0
20.8
20.6
20.4
20.2
20.0
19.8
19.6
19.4
19.2
19.0
18.8
18.6
18.4
18.2
18.0
17.8
17.6
17.4
17.2
17.0
16.8
16.6
16.4
16.2
16.0
15.8
15.6
15.4
15.2
15.0
14.8
14.6
14.4
14.2
14.0
13.8
13.6
13.4
13.2
13.0
12.8
12.6
12.4
12.2
12.0
11.8
11.6
11.4
11.2
11.0
10.8
10.6
10.4
10.2
10.0
9.8
9.6
9.4
9.2
9.0
8.8
8.6
8.4
8.2
8.0
7.8
7.6
7.4
7.2
7.0
6.8
6.6
6.4
6.2
6.0
5.8
5.6
5.4
5.2
5.0
4.8
4.6
4.4
4.2
4.0
3.8
3.6
3.4
3.2
3.0
2.8
2.6
2.4
2.2
2.0
1.8
1.6
1.4
1.2
1.0
0.8
0.6
0.4
0.2
100.0
99.8
99.6
99.4
99.2
99.0
98.8
98.6
98.4
98.2
98.0
97.8
97.6
97.4
97.2
97.0
96.8
96.6
96.4
96.2
96.0
95.8
95.6
95.4
95.2
95.0
94.8
94.6
94.4
94.2
94.0
93.8
93.6
93.4
93.2
93.0
92.8
92.6
92.4
92.2
92.0
91.8
91.6
91.4
91.2
91.0
90.8
90.6
90.4
90.2
90.0
89.8
89.6
89.4
89.2
89.0
88.8
88.6
88.4
88.2
88.0
87.8
87.6
87.4
87.2
87.0
86.8
86.6
86.4
86.2
86.0
85.8
85.6
85.4
85.2
85.0
84.8
84.6
84.4
84.2
84.0
83.8
83.6
83.4
83.2
83.0
82.8
82.6
82.4
82.2
82.0
81.8
81.6
81.4
81.2
81.0
80.8
80.6
80.4
80.2
80.0
79.8
79.6
79.4
79.2
79.0
78.8
78.6
78.4
78.2
78.0
77.8
77.6
77.4
77.2
77.0
76.8
76.6
76.4
76.2
76.0
75.8
75.6
75.4
75.2
75.0
74.8
74.6
74.4
74.2
74.0
73.8
73.6
73.4
73.2
73.0
72.8
72.6
72.4
72.2
72.0
71.8
71.6
71.4
71.2
71.0
70.8
70.6
70.4
70.2
70.0
69.8
69.6
69.4
69.2
69.0
68.8
68.6
68.4
68.2
68.0
67.8
67.6
67.4
67.2
67.0
66.8
66.6
66.4
66.2
66.0
65.8
65.6
65.4
65.2
65.0
64.8
64.6
64.4
64.2
64.0
63.8
63.6
63.4
63.2
63.0
62.8
62.6
62.4
62.2
62.0
61.8
61.6
61.4
61.2
61.0
60.8
60.6
60.4
60.2
60.0
59.8
59.6
59.4
59.2
59.0
58.8
58.6
58.4
58.2
58.0
57.8
57.6
57.4
57.2
57.0
56.8
56.6
56.4
56.2
56.0
55.8
55.6
55.4
55.2
55.0
54.8
54.6
54.4
54.2
54.0
53.8
53.6
53.4
53.2
53.0
52.8
52.6
52.4
52.2
52.0
51.8
51.6
51.4
51.2
51.0
50.8
50.6
50.4
50.2
50.0
49.8
49.6
49.4
49.2
49.0
48.8
48.6
48.4
48.2
48.0
47.8
47.6
47.4
47.2
47.0
46.8
46.6
46.4
46.2
46.0
45.8
45.6
45.4
45.2
45.0
44.8
44.6
44.4
44.2
44.0
43.8
43.6
43.4
43.2
43.0
42.8
42.6
42.4
42.2
42.0
41.8
41.6
41.4
41.2
41.0
40.8
40.6
40.4
40.2
40.0
39.8
39.6
39.4
39.2
39.0
38.8
38.6
38.4
38.2
38.0
37.8
37.6
37.4
37.2
37.0
36.8
36.6
36.4
36.2
36.0
35.8
35.6
35.4
35.2
35.0
34.8
34.6
34.4
34.2
34.0
33.8
33.6
33.4
33.2
33.0
32.8
32.6
32.4
32.2
32.0
31.8
31.6
31.4
31.2
31.0
30.8
30.6
30.4
30.2
30.0
29.8
29.6
29.4
29.2
29.0
28.8
28.6
28.4
28.2
28.0
27.8
27.6
27.4
27.2
27.0
26.8
26.6
26.4
26.2
26.0
25.8
25.6
25.4
25.2
25.0
24.8
24.6
24.4
24.2
24.0
23.8
23.6
23.4
23.2
23.0
22.8
22.6
22.4
22.2
22.0
21.8
21.6
21.4
21.2
21.0
20.8
20.6
20.4
20.2
20.0
19.8
19.6
19.4
19.2
19.0
18.8
18.6
18.4
18.2
18.0
17.8
17.6
17.4
17.2
17.0
16.8
16.6
16.4
16.2
16.0
15.8
15.6
15.4
15.2
15.0
14.8
14.6
14.4
14.2
14.0
13.8
13.6
13.4
13.2
13.0
12.8
12.6
12.4
12.2
12.0
11.8
11.6
11.4
11.2
11.0
10.8
10.6
10.4
10.2
10.0
9.8
9.6
9.4
9.2
9.0
8.8
8.6
8.4
8.2
8.0
7.8
7.6
7.4
7.2
7.0
6.8
6.6
6.4
6.2
6.0
5.8
5.6
5.4
5.2
5.0
4.8
4.6
4.4
4.2
4.0
3.8
3.6
3.4
3.2
3.0
2.8
2.6
2.4
2.2
2.0
1.8
1.6
1.4
1.2
1.0
0.8
0.6
0.4
0.2
100.0
99.8
99.6
99.4
99.2
99.0
98.8
98.6
98.4
98.2
98.0
97.8
97.6
97.4
97.2
97.0
96.8
96.6
96.4
96.2
96.0
95.8
95.6
95.4
95.2
95.0
94.8
94.6
94.4
94.2
94.0
93.8
93.6
93.4
93.2
93.0
92.8
92.6
92.4
92.2
92.0
91.8
91.6
91.4
91.2
91.0
90.8
90.6
90.4
90.2
90.0
89.8
89.6
89.4
89.2
89.0
88.8
88.6
88.4
88.2
88.0
87.8
87.6
87.4
87.2
87.0
86.8
86.6
86.4
86.2
86.0
85.8
85.6
85.4
85.2
85.0
84.8
84.6
84.4
84.2
84.0
83.8
83.6
83.4
83.2
83.0
82.8
82.6
82.4
82.2
82.0
81.8
81.6
81.4
81.2
81.0
80.8
80.6
80.4
80.2
80.0
79.8
79.6
79.4
79.2
79.0
78.8
78.6
78.4
78.2
78.0
77.8
77.6
77.4
77.2
77.0
76.8
76.6
76.4
76.2
76.0
75.8
75.6
75.4
75.2
75.0
74.8
74.6
74.4
74.2
74.0
73.8
73.6
73.4
73.2
73.0
72.8
72.6
72.4
72.2
72.0
71.8
71.6
71.4
71.2
71.0
70.8
70.6
70.4
70.2
70.0
69.8
69.6
69.4
69.2
69.0
68.8
68.6
68.4
68.2
68.0
67.8
67.6
67.4
67.2
67.0
66.8
66.6
66.4
66.2
66.0
65.8
65.6
65.4
65.2
65.0
64.8
64.6
64.4
64.2
64.0
63.8
63.6
63.4
63.2
63.0
62.8
62.6
62.4
62.2
62.0
61.8
61.6
61.4
61.2
61.0
60.8
60.6
60.4
60.2
60.0
59.8
59.6
59.4
59.2
59.0
58.8
58.6
58.4
58.2
58.0
57.8
57.6
57.4
57.2
57.0
56.8
56.6
56.4
56.2
56.0
55.8
55.6
55.4
55.2
55.0
54.8
54.6
54.4
54.2
54.0
53.8
53.6
53.4
53.2
53.0
52.8
52.6
52.4
52.2
52.0
51.8
51.6
51.4
51.2
51.0
50.8
50.6
50.4
50.2
50.0
49.8
49.6
49.4
49.2
49.0
48.8
48.6
48.4
48.2
48.0
47.8
47.6
47.4
47.2
47.0
46.8
46.6
46.4
46.2
46.0
45.8
45.6
45.4
45.2
45.0
44.8
44.6
44.4
44.2
44.0
43.8
43.6
43.4
43.2
43.0
42.8
42.6
42.4
42.2
42.0
41.8
41.6
41.4
41.2
41.0
40.8
40.6
40.4
40.2
40.0
39.8
39.6
39.4
39.2
39.0
38.8
38.6
38.4
38.2
38.0
37.8
37.6
37.4
37.2
37.0
36.8
36.6
36.4
36.2
36.0
35.8
35.6
35.4
35.2
35.0
34.8
34.6
34.4
34.2
34.0
33.8
33.6
33.4
33.2
33.0
32.8
32.6
32.4
32.2
32.0
31.8
31.6
31.4
31.2
31.0
30.8
30.6
30.4
30.2
30.0
29.8
29.6
29.4
29.2
29.0
28.8
28.6
28.4
28.2
28.0
27.8
27.6
27.4
27.2
27.0
26.8
26.6
26.4
26.2
26.0
25.8
25.6
25.4
25.2
25.0
24.8
24.6
24.4
24.2
24.0
23.8
23.6
23.4
23.2
23.0
22.8
22.6
22.4
22.2
22.0
21.8
21.6
21.4
21.2
21.0
20.8
20.6
20.4
20.2
20.0
19.8
19.6
19.4
19.2
19.0
18.8
18.6
18.4
18.2
18.0
17.8
17.6
17.4
17.2
17.0
16.8
16.6
16.4
16.2
16.0
15.8
15.6
15.4
15.2
15.0
14.8
14.6
14.4
14.2
14.0
13.8
13.6
13.4
13.2
13.0
12.8
12.6
12.4
12.2
12.0
11.8
11.6
11.4
11.2
11.0
10.8
10.6
10.4
10.2
10.0
9.8
9.6
9.4
9.2
9.0
8.8
8.6
8.4
8.2
8.0
7.8
7.6
7.4
7.2
7.0
6.8
6.6
6.4
6.2
6.0
5.8
5.6
5.4
5.2
5.0
4.8
4.6
4.4
4.2
4.0
3.8
3.6
3.4
3.2
3.0
2.8
2.6
2.4
2.2
2.0
1.8
1.6
1.4
1.2
1.0
0.8
0.6
0.4
0.2
100.0
99.8
99.6
99.4
99.2
99.0
98.8
98.6
98.4
98.2
98.0
97.8
97.6
97.4
97.2
97.0
96.8
96.6
96.4
96.2
96.0
95.8
95.6
95.4
95.2
95.0
94.8
94.6
94.4
94.2
94.0
93.8
93.6
93.4
93.2
93.0
92.8
92.6
92.4
92.2
92.0
91.8
91.6
91.4
91.2
91.0
90.8
90.6
90.4
90.2
90.0
89.8
89.6
89.4
89.2
89.0
88.8
88.6
88.4
88.2
88.0
87.8
87.6
87.4
87.2
87.0
86.8
86.6
86.4
86.2
86.0
85.8
85.6
85.4
85.2
85.0
84.8
84.6
84.4
84.2
84.0
83.8
83.6
83.4
83.2
83.0
82.8
82.6
82.4
82.2
82.0
81.8
81.6
81.4
81.2
81.0
80.8
80.6
80.4
80.2
80.0
79.8
79.6
79.4
79.2
79.0
78.8
78.6
78.4
78.2
78.0
77.8
77.6
77.4
77.2
77.0
76.8
76.6
76.4
76.2
76.0
75.8
75.6
75.4
75.2
75.0
74.8
74.6
74.4
74.2
74.0
73.8
73.6
73.4
73.2
73.0
72.8
72.6
72.4
72.2
72.0
71.8
71.6
71.4
71.2
71.0
70.8
70.6
70.4
70.2
70.0
69.8
69.6
69.4
69.2
69.0
68.8
68.6
68.4
68.2
68.0
67.8
67.6
67.4
67.2
67.0
66.8
66.6
66.4
66.2
66.0
65.8
65.6
65.4
65.2
65.0
64.8
64.6
64.4
64.2
64.0
63.8
63.6
63.4
63.2
63.0
62.8
62.6
62.4
62.2
62.0
61.8
61.6
61.4
61.2
61.0
60.8
60.6
60.4
60.2
60.0
59.8
59.6
59.4
59.2
59.0
58.8
58.6
58.4
58.2
58.0
57.8
57.6
57.4
57.2
57.0
56.8
56.6
56.4
56.2
56.0
55.8
55.6
55.4
55.2
55.0
54.8
54.6
54.4
54.2
54.0
53.8
53.6
53.4
53.2
53.0
52.8
52.6
52.4
52.2
52.0
51.8
51.6
51.4
51.2
51.0
50.8
50.6
50.4
50.2
50.0
49.8
49.6
49.4
49.2
49.0
48.8
48.6
48.4
48.2
48.0
47.8
47.6
47.4
47.2
47.0
46.8
46.6
46.4
46.2
46.0
45.8
45.6
45.4
45.2
45.0
44.8
44.6
44.4
44.2
44.0
43.8
43.6
43.4
43.2
43.0
42.8
42.6
42.4
42.2
42.0
41.8
41.6
41.4
41.2
41.0
40.8
40.6
40.4
40.2
40.0
39.8
39.6
39.4
39.2
39.0
38.8
38.6
38.4
38.2
38.0
37.8
37.6
37.4
37.2
37.0
36.8
36.6
36.4
36.2
36.0
35.8
35.6
35.4
35.2
35.0
34.8
34.6
34.4
34.2
34.0
33.8
33.6
33.4
33.2
33.0
32.8
32.6
32.4
32.2
32.0
31.8
31.6
31.4
31.2
31.0
30.8
30.6
30.4
30.2
30.0
29.8
29.6
29.4
29.2
29.0
28.8
28.6
28.4
28.2
28.0
27.8
27.6
27.4
27.2
27.0
26.8
26.6
26.4
26.2
26.0
25.8
25.6
25.4
25.2
25.0
24.8
24.6
24.4
24.2
24.0
23.8
23.6
23.4
23.2
23.0
22.8
22.6
22.4
22.2
22.0
21.8
21.6
21.4
21.2
21.0
20.8
20.6
20.4
20.2
20.0
19.8
19.6
19.4
19.2
19.0
18.8
18.6
18.4
18.2
18.0
17.8
17.6
17.4
17.2
17.0
16.8
16.6
16.4
16.2
16.0
15.8
15.6
15.4
15.2
15.0
14.8
14.6
14.4
14.2
14.0
13.8
13.6
13.4
13.2
13.0
12.8
12.6
12.4
12.2
12.0
11.8
11.6
11.4
11.2
11.0
10.8
10.6
10.4
10.2
10.0
9.8
9.6
9.4
9.2
9.0
8.8
8.6
8.4
8.2
8.0
7.8
7.6
7.4
7.2
7.0
6.8
6.6
6.4
6.2
6.0
5.8
5.6
5.4
5.2
5.0
4.8
4.6
4.4
4.2
4.0
3.8
3.6
3.4
3.2
3.0
2.8
2.6
2.4
2.2
2.0
1.8
1.6
1.4
1.2
1.0
0.8
0.6
0.4
0.2
100.0
99.8
99.6
99.4
99.2
99.0
98.8
98.6
98.4
98.2
98.0
97.8
97.6
97.4
97.2
97.0
96.8
96.6
96.4
96.2
96.0
95.8
95.6
95.4
95.2
95.0
94.8
94.6
94.4
94.2
94.0
93.8
93.6
93.4
93.2
93.0
92.8
92.6
92.4
92.2
92.0
91.8
91.6
91.4
91.2
91.0
90.8
90.6
90.4
90.2
90.0
89.8
89.6
89.4
89.2
89.0
88.8
88.6
88.4
88.2
88.0
87.8
87.6
87.4
87.2
87.0
86.8
86.6
86.4
86.2
86.0
85.8
85.6
85.4
85.2
85.0
84.8
84.6
84.4
84.2
84.0
83.8
83.6
83.4
83.2
83.0
82.8
82.6
82.4
82.2
82.0
81.8
81.6
81.4
81.2
81.0
80.8
80.6
80.4
80.2
80.0
79.8
79.6
79.4
79.2
79.0
78.8
78.6
78.4
78.2
78.0
77.8
77.6
77.4
77.2
77.0
76.8
76.6
76.4
76.2
76.0
75.8
75.6
75.4
75.2
75.0
74.8
74.6
74.4
74.2
74.0
73.8
73.6
73.4
73.2
73.0
72.8
72.6
72.4
72.2
72.0
71.8
71.6
71.4
71.2
71.0
70.8
70.6
70.4
70.2
70.0
69.8
69.6
69.4
69.2
69.0
68.8
68.6
68.4
68.2
68.0
67.8
67.6
67.4
67.2
67.0
66.8
66.6
66.4
66.2
66.0
65.8
65.6
65.4
65.2
65.0
64.8
64.6
64.4
64.2
64.0
63.8
63.6
63.4
63.2
63.0
62.8
62.6
62.4
62.2
62.0
61.8
61.6
61.4
61.2
61.0
60.8
60.6
60.4
60.2
60.0
59.8
59.6
59.4
59.2
59.0
58.8
58.6
58.4
58.2
58.0
57.8
57.6
57.4
57.2
57.0
56.8
56.6
56.4
56.2
56.0
55.8
55.6
55.4
55.2
55.0
54.8
54.6
54.4
54.2
54.0
53.8
53.6
53.4
53.2
53.0
52.8
52.6
52.4
52.2
52.0
51.8
51.6
51.4
51.2
51.0
50.8
50.6
50.4
50.2
50.0
49.8
49.6
49.4
49.2
49.0
48.8
48.6
48.4
48.2
48.0
47.8
47.6
47.4
47.2
47.0
46.8
46.6
46.4
46.2
46.0
45.8
45.6
45.4
45.2
45.0
44.8
44.6
44.4
44.2
44.0
43.8
43.6
43.4
43.2
43.0
42.8
42.6
42.4
42.2
42.0
41.8
41.6
41.4
41.2
41.0
40.8
40.6
40.4
40.2
40.0
39.8
39.6
39.4
39.2
39.0
38.8
38.6
38.4
38.2
38.0
37.8
37.6
37.4
37.2
37.0
36.8
36.6
36.4
36.2
36.0
35.8
35.6
35.4
35.2
35.0
34.8
34.6
34.4
34.2
34.0
33.8
33.6
33.4
33.2
33.0
32.8
32.6
32.4
32.2
32.0
31.8
31.6
31.4
31.2
31.0
30.8
30.6
30.4
30.2
30.0
29.8
29.6
29.4
29.2
29.0
28.8
28.6
28.4
28.2
28.0
27.8
27.6
27.4
27.2
27.0
26.8
26.6
26.4
26.2
26.0
25.8
25.6
25.4
25.2
25.0
24.8
24.6
24.4
24.2
24.0
23.8
23.6
23.4
23.2
23.0
22.8
22.6
22.4
22.2
22.0
21.8
21.6
21.4
21.2
21.0
20.8
20.6
20.4
20.2
20.0
19.8
19.6
19.4
19.2
19.0
18.8
18.6
18.4
18.2
18.0
17.8
17.6
17.4
17.2
17.0
16.8
16.6
16.4
16.2
16.0
15.8
15.6
15.4
15.2
15.0
14.8
14.6
14.4
14.2
14.0
13.8
13.6
13.4
13.2
13.0
12.8
12.6
12.4
12.2
12.0
11.8
11.6
11.4
11.2
11.0
10.8
10.6
10.4
10.2
10.0
9.8
9.6
9.4
9.2
9.0
8.8
8.6
8.4
8.2
8.0
7.8
7.6
7.4
7.2
7.0
6.8
6.6
6.4
6.2
6.0
5.8
5.6
5.4
5.2
5.0
4.8
4.6
4.4
4.2
4.0
3.8
3.6
3.4
3.2
3.0
2.8
2.6
2.4
2.2
2.0
1.8
1.6
1.4
1.2
1.0
0.8
0.6
0.4
0.2
100.0
99.8
99.6
99.4
99.2
99.0
98.8
98.6
98.4
98.2
98.0
97.8
97.6
97.4
97.2
97.0
96.8
96.6
96.4
96.2
96.0
95.8
95.6
95.4
95.2
95.0
94.8
94.6
94.4
94.2
94.0
93.8
93.6
93.4
93.2
93.0
92.8
92.6
92.4
92.2
92.0
91.8
91.6
91.4
91.2
91.0
90.8
90.6
90.4
90.2
90.0
89.8
89.6
89.4
89.2
89.0
88.8
88.6
88.4
88.2
88.0
87.8
87.6
87.4
87.2
87.0
86.8
86.6
86.4
86.2
86.0
85.8
85.6
85.4
85.2
85.0
84.8
84.6
84.4
84.2
84.0
83.8
83.6
83.4
83.2
83.0
82.8
82.6
82.4
82.2
82.0
81.8
81.6
81.4
81.2
81.0
80.8
80.6
80.4
80.2
80.0
79.8
79.6
79.4
79.2
79.0
78.8
78.6
78.4
78.2
78.0
77.8
77.6
77.4
77.2
77.0
76.8
76.6
76.4
76.2
76.0
75.8
75.6
75.4
75.2
75.0
74.8
74.6
74.4
74.2
74.0
73.8
73.6
73.4
73.2
73.0
72.8
72.6
72.4
72.2
72.0
71.8
71.6
71.4
71.2
71.0
70.8
70.6
70.4
70.2
70.0
69.8
69.6
69.4
69.2
69.0
68.8
68.6
68.4
68.2
68.0
67.8
67.6
67.4
67.2
67.0
66.8
66.6
66.4
66.2
66.0
65.8
65.6
65.4
65.2
65.0
64.8
64.6
64.4
64.2
64.0
63.8
63.6
63.4
63.2
63.0
62.8
62.6
62.4
62.2
62.0
61.8
61.6
61.4
61.2
61.0
60.8
60.6
60.4
60.2
60.0
59.8
59.6
59.4
59.2
59.0
58.8
58.6
58.4
58.2
58.0
57.8
57.6
57.4
57.2
57.0
56.8
56.6
56.4
56.2
56.0
55.8
55.6
55.4
55.2
55.0
54.8
54.6
54.4
54.2
54.0
53.8
53.6
53.4
53.2
53.0
52.8
52.6
52.4
52.2
52.0
51.8
51.6
51.4
51.2
51.0
50.8
50.6
50.4
50.2
50.0
49.8
49.6
49.4
49.2
49.0
48.8
48.6
48.4
48.2
48.0
47.8
47.6
47.4
47.2
47.0
46.8
46.6
46.4
46.2
46.0
45.8
45.6
45.4
45.2
45.0
44.8
44.6
44.4
44.2
44.0
43.8
43.6
43.4
43.2
43.0
42.8
42.6
42.4
42.2
42.0
41.8
41.6
41.4
41.2
41.0
40.8
40.6
40.4
40.2
40.0
39.8
39.6
39.4
39.2
39.0
38.8
38.6
38.4
38.2
38.0
37.8
37.6
37.4
37.2
37.0
36.8
36.6
36.4
36.2
36.0
35.8
35.6
35.4
35.2
35.0
34.8
34.6
34.4
34.2
34.0
33.8
33.6
33.4
33.2
33.0
32.8
32.6
32.4
32.2
32.0
31.8
31.6
31.4
31.2
31.0
30.8
30.6
30.4
30.2
30.0
29.8
29.6
29.4
29.2
29.0
28.8
28.6
28.4
28.2
28.0
27.8
27.6
27.4
27.2
27.0
26.8
26.6
26.4
26.2
26.0
25.8
25.6
25.4
25.2
25.0
24.8
24.6
24.4
24.2
24.0
23.8
23.6
23.4
23.2
23.0
22.8
22.6
22.4
22.2
22.0
21.8
21.6
21.4
21.2
21.0
20.8
20.6
20.4
20.2
20.0
19.8
19.6
19.4
19.2
19.0
18.8
18.6
18.4
18.2
18.0
17.8
17.6
17.4
17.2
17.0
16.8
16.6
16.4
16.2
16.0
15.8
15.6
15.4
15.2
15.0
14.8
14.6
14.4
14.2
14.0
13.8
13.6
13.4
13.2
13.0
12.8
12.6
12.4
12.2
12.0
11.8
11.6
11.4
11.2
11.0
10.8
10.6
10.4
10.2
10.0
9.8
9.6
9.4
9.2
9.0
8.8
8.6
8.4
8.2
8.0
7.8
7.6
7.4
7.2
7.0
6.8
6.6
6.4
6.2
6.0
5.8
5.6
5.4
5.2
5.0
4.8
4.6
4.4
4.2
4.0
3.8
3.6
3.4
3.2
3.0
2.8
2.6
2.4
2.2
2.0
1.8
1.6
1.4
1.2
1.0
0.8
0.6
0.4
0.2
100.0
99.8
99.6
99.4
99.2
99.0
98.8
98.6
98.4
98.2
98.0
97.8
97.6
97.4
97.2
97.0
96.8
96.6
96.4
96.2
96.0
95.8
95.6
95.4
95.2
95.0
94.8
94.6
94.4
94.2
94.0
93.8
93.6
93.4
93.2
93.0
92.8
92.6
92.4
92.2
92.0
91.8
91.6
91.4
91.2
91.0
90.8
90.6
90.4
90.2
90.0
89.8
89.6
89.4
89.2
89.0
88.8
88.6
88.4
88.2
88.0
87.8
87.6
87.4
87.2
87.0
86.8
86.6
86.4
86.2
86.0
85.8
85.6
85.4
85.2
85.0
84.8
84.6
84.4
84.2
84.0
83.8
83.6
83.4
83.2
83.0
82.8
82.6
82.4
82.2
82.0
81.8
81.6
81.4
81.2
81.0
80.8
80.6
80.4
80.2
80.0
79.8
79.6
79.4
79.2
79.0
78.8
78.6
78.4
78.2
78.0
77.8
77.6
77.4
77.2
77.0
76.8
76.6
76.4
76.2
76.0
75.8
75.6
75.4
75.2
75.0
74.8
74.6
74.4
74.2
74.0
73.8
73.6
73.4
73.2
73.0
72.8
72.6
72.4
72.2
72.0
71.8
71.6
71.4
71.2
71.0
70.8
70.6
70.4
70.2
70.0
69.8
69.6
69.4
69.2
69.0
68.8
68.6
68.4
68.2
68.0
67.8
67.6
67.4
67.2
67.0
66.8
66.6
66.4
66.2
66.0
65.8
65.6
65.4
65.2
65.0
64.8
64.6
64.4
64.2
64.0
63.8
63.6
63.4
63.2
63.0
62.8
62.6
62.4
62.2
62.0
61.8
61.6
61.4
61.2
61.0
60.8
60.6
60.4
60.2
60.0
59.8
59.6
59.4
59.2
59.0
58.8
58.6
58.4
58.2
58.0
57.8
57.6
57.4
57.2
57.0
56.8
56.6
56.4
56.2
56.0
55.8
55.6
55.4
55.2
55.0
54.8
54.6
54.4
54.2
54.0
53.8
53.6
53.4
53.2
53.0
52.8
52.6
52.4
52.2
52.0
51.8
51.6
51.4
51.2
51.0
50.8
50.6
50.4
50.2
50.0
49.8
49.6
49.4
49.2
49.0
48.8
48.6
48.4
48.2
48.0
47.8
47.6
47.4
47.2
47.0
46.8
46.6
46.4
46.2
46.0
45.8
45.6
45.4
45.2
45.0
44.8
44.6
44.4
44.2
44.0
43.8
43.6
43.4
43.2
43.0
42.8
42.6
42.4
42.2
42.0
41.8
41.6
41.4
41.2
41.0
40.8
40.6
40.4
40.2
40.0
39.8
39.6
39.4
39.2
39.0
38.8
38.6
38.4
38.2
38.0
37.8
37.6
37.4
37.2
37.0
36.8
36.6
36.4
36.2
36.0
35.8
35.6
35.4
35.2
35.0
34.8
34.6
34.4
34.2
34.0
33.8
33.6
33.4
33.2
33.0
32.8
32.6
32.4
32.2
32.0
31.8
31.6
31.4
31.2
31.0
30.8
30.6
30.4
30.2
30.0
29.8
29.6
29.4
29.2
29.0
28.8
28.6
28.4
28.2
28.0
27.8
27.6
27.4
27.2
27.0
26.8
26.6
26.4
26.2
26.0
25.8
25.6
25.4
25.2
25.0
24.8
24.6
24.4
24.2
24.0
23.8
23.6
23.4
23.2
23.0
22.8
22.6
22.4
22.2
22.0
21.8
21.6
21.4
21.2
21.0
20.8
20.6
20.4
20.2
20.0
19.8
19.6
19.4
19.2
19.0
18.8
18.6
18.4
18.2
18.0
17.8
17.6
17.4
17.2
17.0
16.8
16.6
16.4
16.2
16.0
15.8
15.6
15.4
15.2
15.0
14.8
14.6
14.4
14.2
14.0
13.8
13.6
13.4
13.2
13.0
12.8
12.6
12.4
12.2
12.0
11.8
11.6
11.4
11.2
11.0
10.8
10.6
10.4
10.2
10.0
9.8
9.6
9.4
9.2
9.0
8.8
8.6
8.4
8.2
8.0
7.8
7.6
7.4
7.2
7.0
6.8
6.6
6.4
6.2
6.0
5.8
5.6
5.4
5.2
5.0
4.8
4.6
4.4
4.2
4.0
3.8
3.6
3.4
3.2
3.0
2.8
2.6
2.4
2.2
2.0
1.8
1.6
1.4
1.2
1.0
0.8
0.6
0.4
0.2
